version 2
run Default-0-20241014-20:00:09-9725
attr configname Default
attr datetime 20241014-20:00:09
attr experiment Default
attr inifile omnetpp.ini
attr iterationvars "$size=2, $k=6, $m=3"
attr iterationvarsf size=2,k=6,m=3-
attr measurement "$size=2, $k=6, $m=3"
attr network AvswuScenario
attr processid 9725
attr repetition 0
attr replication #0
attr resultdir results
attr runnumber 0
attr seedset 0
itervar k 6
itervar m 3
itervar size 2
param **.softwareUpdateSizeMB 2
param **.erasureCodeK 6
param **.erasureCodeM 3
param *.man[*].appl.softwareUpdateSizeMB softwareUpdateSizeMB
param *.rsu[*].appl.softwareUpdateSizeMB softwareUpdateSizeMB
param *.delivery[*].appl.softwareUpdateSizeMB softwareUpdateSizeMB
param *.node[*].appl.softwareUpdateSizeMB softwareUpdateSizeMB
param *.man[*].appl.erasureCodeK erasureCodeK
param *.man[*].appl.erasureCodeM erasureCodeM
param *.playgroundSizeX 4000m
param *.playgroundSizeY 4000m
param *.playgroundSizeZ 50m
param *.annotations.draw true
param *.obstacles.obstacles "xmldoc(\"config.xml\", \"//AnalogueModel[@type='SimpleObstacleShadowing']/obstacles\")"
param *.manager.updateInterval 1s
param *.manager.host "\"localhost\""
param *.manager.port 9999
param *.manager.autoShutdown true
param *.manager.launchConfig "xmldoc(\"erlangen.launchd.xml\")"
param *.manager.trafficLightModuleType "\"org.car2x.veins.nodes.TrafficLight\""
param *.manager.moduleType "\"deliveryType=org.car2x.veins.nodes.Car *=org.car2x.veins.nodes.Car\""
param *.manager.moduleName "\"deliveryType=delivery *=node\""
param *.tls[*].mobility.x 0
param *.tls[*].mobility.y 0
param *.tls[*].mobility.z 3
param *.tls[*].applType "\"org.car2x.veins.modules.application.traci.TraCIDemoTrafficLightApp\""
param *.tls[*].logicType "\"org.car2x.veins.modules.world.traci.trafficLight.logics.TraCITrafficLightSimpleLogic\""
param *.man[0].mobility.x 3000
param *.man[0].mobility.y 1200
param *.man[0].mobility.z 3
param *.man[*].applType "\"avswu.veins_avswu.AvswuManufacturer11p\""
param *.man[*].appl.headerLength "80 bit"
param *.man[*].appl.sendBeacons false
param *.man[*].appl.dataOnSch false
param *.man[*].appl.beaconInterval 1s
param *.man[*].appl.beaconUserPriority 7
param *.man[*].appl.dataUserPriority 5
param *.man[*].nic.phy80211p.antennaOffsetZ "0 m"
param *.rsu[0].mobility.x 1700
param *.rsu[0].mobility.y 1800
param *.rsu[0].mobility.z 3
param *.rsu[1].mobility.x 700
param *.rsu[1].mobility.y 1000
param *.rsu[1].mobility.z 3
param *.rsu[2].mobility.x 1800
param *.rsu[2].mobility.y 800
param *.rsu[2].mobility.z 3
param *.rsu[3].mobility.x 500
param *.rsu[3].mobility.y 600
param *.rsu[3].mobility.z 3
param *.rsu[*].applType "\"avswu.veins_avswu.AvswuRSU11p\""
param *.rsu[*].appl.headerLength "80 bit"
param *.rsu[*].appl.sendBeacons false
param *.rsu[*].appl.dataOnSch false
param *.rsu[*].appl.beaconInterval 1s
param *.rsu[*].appl.beaconUserPriority 7
param *.rsu[*].appl.dataUserPriority 5
param *.rsu[*].nic.phy80211p.antennaOffsetZ "0 m"
param *.connectionManager.sendDirect true
param *.connectionManager.maxInterfDist 2600m
param *.connectionManager.drawMaxIntfDist false
param *.**.nic.mac1609_4.useServiceChannel false
param *.**.nic.mac1609_4.txPower 20mW
param *.**.nic.mac1609_4.bitrate 6Mbps
param *.**.nic.phy80211p.minPowerLevel -110dBm
param *.**.nic.phy80211p.useNoiseFloor true
param *.**.nic.phy80211p.noiseFloor -98dBm
param *.**.nic.phy80211p.decider "xmldoc(\"config.xml\")"
param *.**.nic.phy80211p.analogueModels "xmldoc(\"config.xml\")"
param *.**.nic.phy80211p.usePropagationDelay true
param *.**.nic.phy80211p.antenna "xmldoc(\"antenna.xml\", \"/root/Antenna[@id='monopole']\")"
param *.node[*].nic.phy80211p.antennaOffsetY "0 m"
param *.node[*].nic.phy80211p.antennaOffsetZ "1.895 m"
param *.delivery[*].applType "\"avswu.veins_avswu.AvswuDeliveryAV11p\""
param *.delivery[*].appl.headerLength "80 bit"
param *.delivery[*].appl.sendBeacons false
param *.delivery[*].appl.dataOnSch false
param *.delivery[*].appl.beaconInterval 1s
param *.delivery[*].veinsmobility.x 0
param *.delivery[*].veinsmobility.y 0
param *.delivery[*].veinsmobility.z 0
param *.delivery[*].veinsmobility.setHostSpeed false
param *.node[*].applType "\"avswu.veins_avswu.AvswuClientAV11p\""
param *.node[*].appl.headerLength "80 bit"
param *.node[*].appl.sendBeacons false
param *.node[*].appl.dataOnSch false
param *.node[*].appl.beaconInterval 1s
param *.node[*].veinsmobility.x 0
param *.node[*].veinsmobility.y 0
param *.node[*].veinsmobility.z 0
param *.node[*].veinsmobility.setHostSpeed false

vector 0 AvswuScenario.delivery[0].veinsmobility posx ETV
vector 1 AvswuScenario.delivery[0].veinsmobility posy ETV
vector 2 AvswuScenario.delivery[0].veinsmobility speed ETV
vector 3 AvswuScenario.delivery[0].veinsmobility acceleration ETV
vector 4 AvswuScenario.delivery[0].veinsmobility co2emission ETV
vector 5 AvswuScenario.delivery[1].veinsmobility posx ETV
vector 6 AvswuScenario.delivery[1].veinsmobility posy ETV
vector 7 AvswuScenario.delivery[1].veinsmobility speed ETV
vector 8 AvswuScenario.delivery[1].veinsmobility acceleration ETV
vector 9 AvswuScenario.delivery[1].veinsmobility co2emission ETV
vector 10 AvswuScenario.node[2].veinsmobility posx ETV
vector 11 AvswuScenario.node[2].veinsmobility posy ETV
vector 12 AvswuScenario.node[2].veinsmobility speed ETV
vector 13 AvswuScenario.node[2].veinsmobility acceleration ETV
vector 14 AvswuScenario.node[2].veinsmobility co2emission ETV
0	7	5	125.61919732683
0	8	6	128.44250690041
0	9	7	133.12296106422
0	10	8	139.65785816812
0	11	9	147.87733694608
0	12	10	157.78898872458
0	13	11	169.22499019699
0	14	12	181.8364744134
0	15	13	194.48136232037
0	16	14	207.11407665571
0	17	15	219.74974725931
0	18	16	232.37998731388
0	19	17	244.57515972573
0	20	18	250.46249404177
0	21	19	256.17847980082
0	22	20	260.78834617371
0	23	21	263.74107214063
0	24	22	269.46719195845
0	25	23	275.89256725425
0	26	24	281.21160962689
0	27	25	287.3012255769
0	28	26	293.47562153544
0	29	27	299.6479851224
0	30	28	305.81710938935
0	31	29	311.98260772857
0	36	30	318.14796416194
0	125	31	323.19763077283
0	126	32	326.47186305816
0	127	33	332.45212987904
0	128	34	341.65135003999
0	134	35	352.59739391506
0	223	36	365.0094297477
0	224	37	377.65928131272
0	225	38	390.30938049115
0	227	39	402.98610095354
0	232	40	408.07097772812
0	403	41	402.31204443413
0	404	42	396.55226904235
0	431	43	391.72014644579
0	432	44	392.10478722013
0	464	45	403.51283290493
0	557	46	413.40198960272
0	558	47	420.11584532179
0	585	48	428.02595234511
0	587	49	431.85008395149
0	617	50	436.00266943348
0	709	51	440.48330612725
1	7	5	1335.5871773995
1	8	6	1336.8986518253
1	9	7	1339.0728009148
1	10	8	1342.1083697053
1	11	9	1345.9264548048
1	12	10	1350.5305825099
1	13	11	1355.8427960938
1	14	12	1361.7010410344
1	15	13	1367.5748025468
1	16	14	1373.4429092314
1	17	15	1379.3123891531
1	18	16	1385.1793464934
1	19	17	1385.0828867052
1	20	18	1372.4530987116
1	21	19	1359.7713106181
1	22	20	1349.5436174534
1	23	21	1342.9925435726
1	24	22	1338.0028193602
1	25	23	1331.0211566463
1	26	24	1320.2658051597
1	27	25	1307.9523180006
1	28	26	1295.4674017131
1	29	27	1282.9836975681
1	30	28	1270.5035033533
1	31	29	1258.03379492
1	36	30	1245.5680013513
1	125	31	1235.3579932358
1	126	32	1228.7372143315
1	127	33	1225.4822340654
1	128	34	1229.7427424574
1	134	35	1234.8122712839
1	223	36	1240.5607566889
1	224	37	1246.4171575019
1	225	38	1252.2723666038
1	227	39	1258.1398975998
1	232	40	1266.8074419685
1	403	41	1279.490691348
1	404	42	1292.1757953307
1	431	43	1305.1826532511
1	432	44	1318.7968750633
1	464	45	1325.1763214869
1	557	46	1329.1781592174
1	558	47	1331.8950502472
1	585	48	1330.6050860006
1	587	49	1320.4630518388
1	617	50	1308.2273335252
1	709	51	1295.0291614849
2	8	6	4.0239826316459
2	9	7	6.0591388341648
2	10	8	8.1319627650853
2	11	9	9.9779612845814
2	12	10	11.658599007773
2	13	11	13.457408905353
2	14	12	13.932949446654
2	15	13	13.994122685848
2	16	14	13.938502199759
2	17	15	13.872336216341
2	18	16	13.95925529748
2	19	17	13.995611887625
2	20	18	13.945373531475
2	21	19	13.608683755777
2	22	20	9.2196049979673
2	23	21	6.869392929019
2	24	22	8.9635976277129
2	25	23	10.83479852902
2	26	24	12.899067672249
2	27	25	13.872125869775
2	28	26	13.882055243228
2	29	27	13.990805765558
2	30	28	13.892843791437
2	31	29	13.89918155381
2	36	30	13.787352153843
2	125	31	9.4371143224063
2	126	32	7.0671143224063
2	127	33	9.132114387983
2	128	34	10.975989413317
2	134	35	12.92489751215
2	223	36	13.939563332552
2	224	37	13.896019971475
2	225	38	13.909752431237
2	227	39	13.955961765654
2	232	40	13.992733890722
2	403	41	13.875477161298
2	404	42	13.978823448163
2	431	43	13.981609048143
2	432	44	13.935091422023
2	464	45	13.115654982575
2	557	46	8.6529350530888
2	558	47	7.7029350530888
2	585	48	9.6612346980834
2	587	49	11.834018374162
2	617	50	13.720087893759
2	709	51	13.873553590467
3	9	7	2.0351562025188
3	10	8	2.0728239309206
3	11	9	1.8459985194961
3	12	10	1.6806377231912
3	13	11	1.7988098975806
3	14	12	0.47554054130074
3	15	13	0.061173239194323
3	16	14	-0.055620486089028
3	17	15	-0.066165983418468
3	18	16	0.086919081138912
3	19	17	0.036356590145733
3	20	18	-0.050238356150221
3	21	19	-0.3366897756985
3	22	20	-4.3890787578094
3	23	21	-2.3502120689484
3	24	22	2.0942046986939
3	25	23	1.8712009013072
3	26	24	2.0642691432289
3	27	25	0.97305819752622
3	28	26	0.0099293734529056
3	29	27	0.10875052232994
3	30	28	-0.097961974120699
3	31	29	0.0063377623725671
3	36	30	-0.11182939996684
3	125	31	-4.3502378314368
3	126	32	-2.37
3	127	33	2.0650000655768
3	128	34	1.8438750253338
3	134	35	1.9489080988336
3	223	36	1.0146658204011
3	224	37	-0.043543361076154
3	225	38	0.013732459761668
3	227	39	0.04620933441678
3	232	40	0.036772125067655
3	403	41	-0.11725672942353
3	404	42	0.10334628686542
3	431	43	0.0027855999791075
3	432	44	-0.046517626119313
3	464	45	-0.8194364394483
3	557	46	-4.4627199294861
3	558	47	-0.95
3	585	48	1.9582996449945
3	587	49	2.1727836760785
3	617	50	1.8860695195966
3	709	51	0.15346569670863
4	9	7	4.3946844027024
4	10	8	5.614289894367
4	11	9	6.1221580277929
4	12	10	6.5409263347127
4	13	11	7.8182918753039
4	14	12	3.6287778785976
4	15	13	2.2445568718115
4	16	14	1.8457159890147
4	17	15	1.8046093463031
4	18	16	2.3270868347592
4	19	17	2.1610263687462
4	20	18	1.8644139587222
4	21	19	0.973
4	22	20	0.973
4	23	21	0.973
4	24	22	6.1328918837546
4	25	23	6.6362243933582
4	26	24	8.3476592724775
4	27	25	5.2789072586419
4	28	26	2.0600246646595
4	29	27	2.4045883169438
4	30	28	1.6999084064457
4	31	29	2.0497767919715
4	36	30	1.6456319528903
4	125	31	0.973
4	126	32	0.973
4	127	33	6.165620713395
4	128	34	6.6390776295434
4	134	35	8.0036106527762
4	223	36	5.4413671171244
4	224	37	1.8824012878207
4	225	38	2.0756581414184
4	227	39	2.1897585204958
4	232	40	2.1621074053374
4	403	41	1.6340313892984
4	404	42	2.3848404834698
4	431	43	2.0463490727643
4	432	44	1.8759842265248
4	464	45	0.973
4	557	46	0.973
4	558	47	0.973
4	585	48	6.2189846575438
4	587	49	8.0307466375861
4	617	50	8.246808709844
4	709	51	2.5390579158083
5	11	9	1561.9657133638
5	12	10	1562.0747833455
5	13	11	1562.2472118889
5	14	12	1562.4866244997
5	15	13	1562.7981736829
5	16	14	1562.9342935977
5	17	15	1562.9893705368
5	18	16	1563.0480470207
5	19	17	1563.1067121221
5	20	18	1562.0193155216
5	21	19	1549.4467551906
5	22	20	1536.8908756259
5	23	21	1524.3260378827
5	24	22	1511.7438676722
5	25	23	1499.1880867986
5	26	24	1486.6170148582
5	27	25	1473.7116408914
5	28	26	1460.7460936819
5	29	27	1447.7756797803
5	30	28	1434.787047012
5	31	29	1421.8249444908
5	36	30	1408.871298748
5	125	31	1395.8822682397
5	126	32	1382.9134786754
5	127	33	1369.8896004232
5	128	34	1365.4998589286
5	134	35	1365.5738648472
5	223	36	1365.6479406779
5	224	37	1365.7219148787
5	225	38	1365.7948992028
5	227	39	1365.8501114146
5	232	40	1365.8871730056
5	403	41	1360.0478552016
5	404	42	1350.2325287925
5	431	43	1338.7027280843
5	432	44	1325.8178630677
5	464	45	1312.865033865
5	557	46	1299.8916928325
5	558	47	1296.3384163569
5	585	48	1296.7410312578
5	587	49	1296.9904959684
5	617	50	1297.1731038771
5	709	51	1297.3555932185
6	11	9	1713.5248246519
6	12	10	1710.3535634866
6	13	11	1705.3401222518
6	14	12	1698.3790876614
6	15	13	1689.3206482008
6	16	14	1678.2060376713
6	17	15	1665.1104362356
6	18	16	1651.1589737879
6	19	17	1637.2102177357
6	20	18	1623.993388759
6	21	19	1617.9686703207
6	22	20	1611.951945236
6	23	21	1605.9309274293
6	24	22	1599.9016039772
6	25	23	1593.884926185
6	26	24	1587.8609209778
6	27	25	1582.6291767824
6	28	26	1577.5534329647
6	29	27	1572.4757839376
6	30	28	1567.3910026001
6	31	29	1562.3166073067
6	36	30	1557.2455226667
6	125	31	1552.1605856232
6	126	32	1547.0835724901
6	127	33	1549.9691071501
6	128	34	1562.1401637038
6	134	35	1576.0842556087
6	223	36	1590.0415202845
6	224	37	1603.9796359837
6	225	38	1617.7312404877
6	227	39	1628.1342483787
6	232	40	1635.1173416544
6	403	41	1637.190010936
6	404	42	1633.2850060752
6	431	43	1628.6979015879
6	432	44	1623.571687906
6	464	45	1618.4184348313
6	557	46	1613.3344351808
6	558	47	1601.324607268
6	585	48	1587.3926027594
6	587	49	1573.4382736916
6	617	50	1559.4978199238
6	709	51	1545.5664177071
7	12	10	4.0186940901658
7	13	11	5.8143673106354
7	14	12	7.890929951193
7	15	13	10.063383504423
7	16	14	11.890093843911
7	17	15	13.877955491482
7	18	16	13.917028954851
7	19	17	13.940791783216
7	20	18	13.941965022113
7	21	19	13.930301240408
7	22	20	13.951283994366
7	23	21	13.998846602554
7	24	22	13.931138308367
7	25	23	13.893038285358
7	26	24	13.90631185791
7	27	25	13.935831414869
7	28	26	13.905960156289
7	29	27	13.895135976186
7	30	28	13.8974841755
7	31	29	13.889505552195
7	36	30	13.904896093314
7	125	31	13.871437937953
7	126	32	13.953315840948
7	127	33	13.921172338803
7	128	34	13.885222201217
7	134	35	13.952215829899
7	223	36	13.931088887258
7	224	37	13.939458952078
7	225	38	12.863001853867
7	227	39	8.3931333593308
7	232	40	7.4431333593308
7	403	41	9.3723997602455
7	404	42	11.416546596557
7	431	43	13.261287589479
7	432	44	13.968907792948
7	464	45	13.934133214238
7	557	46	13.909345669581
7	558	47	13.937098201902
7	585	48	13.99465698017
7	587	49	13.95665640577
7	617	50	13.96777955885
7	709	51	13.988287635336
8	13	11	1.7956732204696
8	14	12	2.0765626405575
8	15	13	2.1724535532296
8	16	14	1.8267103394889
8	17	15	1.9878616475708
8	18	16	0.039073463368695
8	19	17	0.023762828365435
8	20	18	0.0011732388962979
8	21	19	-0.011663781704845
8	22	20	0.020982753958087
8	23	21	0.047562608188018
8	24	22	-0.067708294186742
8	25	23	-0.038100023008882
8	26	24	0.013273572551551
8	27	25	0.029519556958695
8	28	26	-0.029871258579661
8	29	27	-0.010824180103372
8	30	28	0.0023481993144365
8	31	29	-0.0079786233045152
8	36	30	0.015390541118103
8	125	31	-0.033458155361004
8	126	32	0.081877902995329
8	127	33	-0.032143502144608
8	128	34	-0.035950137586333
8	134	35	0.066993628682104
8	223	36	-0.021126942641567
8	224	37	0.0083700648206282
8	225	38	-1.0764570982116
8	227	39	-4.4698684945357
8	232	40	-0.95
8	403	41	1.9292664009146
8	404	42	2.0441468363116
8	431	43	1.8447409929219
8	432	44	0.70762020346883
8	464	45	-0.034774578709621
8	557	46	-0.024787544657011
8	558	47	0.027752532321028
8	585	48	0.057558778268286
8	587	49	-0.038000574400648
8	617	50	0.011123153080698
8	709	51	0.020508076485712
9	13	11	3.924853169192
9	14	12	5.4850766460064
9	15	13	6.9584024604575
9	16	14	7.0733243056348
9	17	15	8.6749653013229
9	18	16	2.1614174463212
9	19	17	2.1126256132781
9	20	18	2.0368507984374
9	21	19	1.9925605656322
9	22	20	2.1044100524937
9	23	21	2.1991923799508
9	24	22	1.8044795234224
9	25	23	1.9003547160209
9	26	24	2.0737584167646
9	27	25	2.1314250225533
9	28	26	1.9291286339741
9	29	27	1.9918882465143
9	30	28	2.036239234214
9	31	29	2.0008553051445
9	36	30	2.0807038532224
9	125	31	1.9138752431216
9	126	32	2.309403068834
9	127	33	1.9229457104632
9	128	34	1.9068258183084
9	134	35	2.2592208150436
9	223	36	1.9608671643216
9	224	37	2.0607713070216
9	225	38	0.973
9	227	39	0.973
9	232	40	0.973
9	403	41	5.9959063824346
9	404	42	7.4224349253393
9	431	43	7.8609036573616
9	432	44	4.4178708271845
9	464	45	1.9153318152387
9	557	46	1.9464904411753
9	558	47	2.1256281775322
9	585	48	2.2324289851592
9	587	49	1.9065926706636
9	617	50	2.0729903282119
9	709	51	2.1067833352962
10	19	17	495.93956480687
10	20	18	494.884120401
10	21	19	493.23415089899
10	22	20	490.95817401435
10	23	21	488.06679457135
10	24	22	484.57027795096
10	25	23	480.43392272573
10	26	24	475.89836779551
10	27	25	471.58844232035
10	28	26	468.59106928145
10	29	27	466.33067456493
10	30	28	465.03705286572
10	31	29	472.70667403808
10	36	30	484.60102999804
10	125	31	497.16131841985
10	126	32	509.70340039837
10	127	33	522.2644524849
10	128	34	535.06337204704
10	134	35	548.12189224362
10	223	36	559.88994923909
10	224	37	573.04532283242
10	225	38	586.18497201183
10	227	39	599.33187324333
10	232	40	612.55398516613
10	403	41	625.90713239007
10	404	42	639.24402834836
10	431	43	652.64817863842
10	432	44	666.09219469363
10	464	45	679.5538408485
10	557	46	693.02454137604
10	558	47	706.62197590515
10	585	48	720.2332568689
10	587	49	733.82565226394
10	617	50	747.45065823849
10	709	51	761.19849988329
11	19	17	1122.3757942747
11	20	18	1125.4405678576
11	21	19	1130.2317088339
11	22	20	1136.8406346953
11	23	21	1145.2365514142
11	24	22	1155.389650628
11	25	23	1167.4006974921
11	26	24	1180.5709306691
11	27	25	1193.0859865677
11	28	26	1201.7896848908
11	29	27	1208.6503893258
11	30	28	1217.7031429056
11	31	29	1225.1645302586
11	36	30	1230.9506897591
11	125	31	1236.9718325138
11	126	32	1242.9842474759
11	127	33	1249.0057563158
11	128	34	1254.4614700861
11	134	35	1259.3175372873
11	223	36	1267.1565154446
11	224	37	1271.8195041744
11	225	38	1276.4769193055
11	227	39	1281.1369049642
11	232	40	1285.5906089833
11	403	41	1289.6361446921
11	404	42	1293.6767568374
11	431	43	1297.5320711052
11	432	44	1301.2373511381
11	464	45	1304.9474901697
11	557	46	1308.5140172793
11	558	47	1311.6175025916
11	585	48	1314.7241482213
11	587	49	1317.8264833996
11	617	50	1320.9362616325
11	709	51	1323.3117558639
12	20	18	4.1008792609036
12	21	19	5.961071395745
12	22	20	7.8103298006011
12	23	21	9.67891081239
12	24	22	11.628921214921
12	25	23	13.5729206157
12	26	24	13.968795033267
12	27	25	11.658716329426
12	28	26	7.1884826798651
12	29	27	8.1188134757017
12	30	28	10.204759941814
12	31	29	12.115513584363
12	36	30	13.960230541297
12	125	31	13.965660909442
12	126	32	13.978258406413
12	127	33	13.951537693008
12	128	34	13.985771935512
12	134	35	13.930093121747
12	223	36	13.955506898516
12	224	37	13.878767512988
12	225	38	13.98568554648
12	227	39	13.908850328217
12	232	40	13.989164608635
12	403	41	13.9469709442
12	404	42	13.907074483398
12	431	43	13.962572369201
12	432	44	13.972385220935
12	464	45	13.985693089957
12	557	46	13.919260871019
12	558	47	13.941476786945
12	585	48	13.978511809215
12	587	49	13.945714905781
12	617	50	13.995355136881
12	709	51	13.987960591498
13	21	19	1.8601921348413
13	22	20	1.8492584048561
13	23	21	1.8685810117889
13	24	22	1.9500104025309
13	25	23	1.9439994007791
13	26	24	0.39587441756721
13	27	25	-2.3100787038413
13	28	26	-4.4702336495608
13	29	27	0.93033079583663
13	30	28	2.0859464661125
13	31	29	1.9107536425488
13	36	30	1.8447169569337
13	125	31	0.005430368145463
13	126	32	0.012597496970557
13	127	33	-0.02672071340494
13	128	34	0.034234242504462
13	134	35	-0.055678813764825
13	223	36	0.025413776768838
13	224	37	-0.076739385528491
13	225	38	0.10691803349182
13	227	39	-0.076835218262858
13	232	40	0.080314280418678
13	403	41	-0.042193664435763
13	404	42	-0.039896460801828
13	431	43	0.05549788580276
13	432	44	0.0098128517344591
13	464	45	0.013307869022247
13	557	46	-0.066432218938136
13	558	47	0.022215915925337
13	585	48	0.037035022270866
13	587	49	-0.03279690343421
13	617	50	0.049640231099911
13	709	51	-0.0073945453832849
14	21	19	4.0895159373932
14	22	20	5.0116229381608
14	23	21	6.0193584237935
14	24	22	7.2812948693241
14	25	23	8.3547130331184
14	26	24	3.3683542307115
14	27	25	0.973
14	28	26	0.973
14	29	27	3.3714052765021
14	30	28	6.8305146230434
14	31	29	7.437830049109
14	36	30	8.2411695047332
14	125	31	2.0536075646973
14	126	32	2.0790576358193
14	127	33	1.9440429086987
14	128	34	2.1527781651796
14	134	35	1.8447747463198
14	223	36	2.1197657361489
14	224	37	1.7697944603953
14	225	38	2.3977529695022
14	227	39	1.7719774310994
14	232	40	2.3085074926891
14	403	41	1.8915977595576
14	404	42	1.8956335729513
14	431	43	2.2217638172515
14	432	44	2.0690617210491
14	464	45	2.0822360063699
14	557	46	1.8077427238803
14	558	47	2.1075020123163
14	585	48	2.1614100082378
14	587	49	1.9230639725476
14	617	50	2.2058019307776
14	709	51	2.012685721008

