version 2
run General-0-20241015-10:51:09-20595
attr configname General
attr datetime 20241015-10:51:09
attr experiment General
attr inifile omnetpp.ini
attr iterationvars "$size=2, $k=2, $m=1"
attr iterationvarsf size=2,k=2,m=1-
attr measurement "$size=2, $k=2, $m=1"
attr network AvswuScenario
attr processid 20595
attr repetition 0
attr replication #0
attr resultdir results
attr runnumber 0
attr seedset 0
itervar k 2
itervar m 1
itervar size 2
param **.softwareUpdateSizeMB 2
param **.erasureCodeK 2
param **.erasureCodeM 1
param *.man[*].appl.softwareUpdateSizeMB softwareUpdateSizeMB
param *.rsu[*].appl.softwareUpdateSizeMB softwareUpdateSizeMB
param *.delivery[*].appl.softwareUpdateSizeMB softwareUpdateSizeMB
param *.node[*].appl.softwareUpdateSizeMB softwareUpdateSizeMB
param *.man[*].appl.erasureCodeK erasureCodeK
param *.man[*].appl.erasureCodeM erasureCodeM
param *.playgroundSizeX 4000m
param *.playgroundSizeY 4000m
param *.playgroundSizeZ 50m
param *.annotations.draw true
param *.obstacles.obstacles "xmldoc(\"config.xml\", \"//AnalogueModel[@type='SimpleObstacleShadowing']/obstacles\")"
param *.manager.updateInterval 1s
param *.manager.host "\"localhost\""
param *.manager.port 9999
param *.manager.autoShutdown true
param *.manager.launchConfig "xmldoc(\"erlangen.launchd.xml\")"
param *.manager.trafficLightModuleType "\"org.car2x.veins.nodes.TrafficLight\""
param *.manager.moduleType "\"deliveryType=org.car2x.veins.nodes.Car *=org.car2x.veins.nodes.Car\""
param *.manager.moduleName "\"deliveryType=delivery *=node\""
param *.tls[*].mobility.x 0
param *.tls[*].mobility.y 0
param *.tls[*].mobility.z 3
param *.tls[*].applType "\"org.car2x.veins.modules.application.traci.TraCIDemoTrafficLightApp\""
param *.tls[*].logicType "\"org.car2x.veins.modules.world.traci.trafficLight.logics.TraCITrafficLightSimpleLogic\""
param *.man[0].mobility.x 3000
param *.man[0].mobility.y 1200
param *.man[0].mobility.z 3
param *.man[*].applType "\"avswu.veins_avswu.AvswuManufacturer11p\""
param *.man[*].appl.headerLength "80 bit"
param *.man[*].appl.sendBeacons false
param *.man[*].appl.dataOnSch false
param *.man[*].appl.beaconInterval 1s
param *.man[*].appl.beaconUserPriority 7
param *.man[*].appl.dataUserPriority 5
param *.man[*].nic.phy80211p.antennaOffsetZ "0 m"
param *.rsu[0].mobility.x 1700
param *.rsu[0].mobility.y 1800
param *.rsu[0].mobility.z 3
param *.rsu[1].mobility.x 700
param *.rsu[1].mobility.y 1000
param *.rsu[1].mobility.z 3
param *.rsu[2].mobility.x 1800
param *.rsu[2].mobility.y 800
param *.rsu[2].mobility.z 3
param *.rsu[3].mobility.x 500
param *.rsu[3].mobility.y 600
param *.rsu[3].mobility.z 3
param *.rsu[*].applType "\"avswu.veins_avswu.AvswuRSU11p\""
param *.rsu[*].appl.headerLength "80 bit"
param *.rsu[*].appl.sendBeacons false
param *.rsu[*].appl.dataOnSch false
param *.rsu[*].appl.beaconInterval 1s
param *.rsu[*].appl.beaconUserPriority 7
param *.rsu[*].appl.dataUserPriority 5
param *.rsu[*].nic.phy80211p.antennaOffsetZ "0 m"
param *.connectionManager.sendDirect true
param *.connectionManager.maxInterfDist 2600m
param *.connectionManager.drawMaxIntfDist false
param *.**.nic.mac1609_4.useServiceChannel false
param *.**.nic.mac1609_4.txPower 20mW
param *.**.nic.mac1609_4.bitrate 6Mbps
param *.**.nic.phy80211p.minPowerLevel -110dBm
param *.**.nic.phy80211p.useNoiseFloor true
param *.**.nic.phy80211p.noiseFloor -98dBm
param *.**.nic.phy80211p.decider "xmldoc(\"config.xml\")"
param *.**.nic.phy80211p.analogueModels "xmldoc(\"config.xml\")"
param *.**.nic.phy80211p.usePropagationDelay true
param *.**.nic.phy80211p.antenna "xmldoc(\"antenna.xml\", \"/root/Antenna[@id='monopole']\")"
param *.node[*].nic.phy80211p.antennaOffsetY "0 m"
param *.node[*].nic.phy80211p.antennaOffsetZ "1.895 m"
param *.delivery[*].applType "\"avswu.veins_avswu.AvswuDeliveryAV11p\""
param *.delivery[*].appl.headerLength "80 bit"
param *.delivery[*].appl.sendBeacons false
param *.delivery[*].appl.dataOnSch false
param *.delivery[*].appl.beaconInterval 1s
param *.delivery[*].veinsmobility.x 0
param *.delivery[*].veinsmobility.y 0
param *.delivery[*].veinsmobility.z 0
param *.delivery[*].veinsmobility.setHostSpeed false
param *.node[*].applType "\"avswu.veins_avswu.AvswuClientAV11p\""
param *.node[*].appl.headerLength "80 bit"
param *.node[*].appl.sendBeacons false
param *.node[*].appl.dataOnSch false
param *.node[*].appl.beaconInterval 1s
param *.node[*].veinsmobility.x 0
param *.node[*].veinsmobility.y 0
param *.node[*].veinsmobility.z 0
param *.node[*].veinsmobility.setHostSpeed false

vector 0 AvswuScenario.delivery[0].veinsmobility posx ETV
vector 1 AvswuScenario.delivery[0].veinsmobility posy ETV
vector 2 AvswuScenario.delivery[0].veinsmobility speed ETV
vector 3 AvswuScenario.delivery[0].veinsmobility acceleration ETV
vector 4 AvswuScenario.delivery[0].veinsmobility co2emission ETV
vector 5 AvswuScenario.delivery[1].veinsmobility posx ETV
vector 6 AvswuScenario.delivery[1].veinsmobility posy ETV
vector 7 AvswuScenario.delivery[1].veinsmobility speed ETV
vector 8 AvswuScenario.delivery[1].veinsmobility acceleration ETV
vector 9 AvswuScenario.delivery[1].veinsmobility co2emission ETV
vector 10 AvswuScenario.node[2].veinsmobility posx ETV
vector 11 AvswuScenario.node[2].veinsmobility posy ETV
vector 12 AvswuScenario.node[2].veinsmobility speed ETV
vector 13 AvswuScenario.node[2].veinsmobility acceleration ETV
vector 14 AvswuScenario.node[2].veinsmobility co2emission ETV
4	9	7	4.3946844027024
4	10	8	5.614289894367
4	11	9	6.1221580277929
4	12	10	6.5409263347127
4	13	11	7.8182918753039
4	14	12	3.6287778785976
4	15	13	2.2445568718115
4	16	14	1.8457159890147
4	17	15	1.8046093463031
4	18	16	2.3270868347592
4	19	17	2.1610263687462
4	20	18	1.8644139587222
4	21	19	0.973
4	22	20	0.973
4	23	21	0.973
4	24	22	6.1328918837546
4	25	23	6.6362243933582
4	26	24	8.3476592724775
4	27	25	5.2789072586419
4	28	26	2.0600246646595
4	29	27	2.4045883169438
4	30	28	1.6999084064457
4	31	29	2.0497767919715
4	36	30	1.6456319528903
4	125	31	0.973
4	126	32	0.973
4	127	33	6.165620713395
4	128	34	6.6390776295434
4	134	35	8.0036106527762
4	223	36	5.4413671171244
4	224	37	1.8824012878207
4	225	38	2.0756581414184
4	227	39	2.1897585204958
4	232	40	2.1621074053374
4	481	41	1.6340313892984
4	482	42	2.3848404834698
4	483	43	2.0463490727643
4	484	44	1.8759842265248
4	490	45	0.973
4	583	46	0.973
4	584	47	0.973
4	585	48	6.2189846575438
4	587	49	8.0307466375861
4	592	50	8.246808709844
4	685	51	2.5390579158083
4	686	52	2.1598135318066
4	687	53	2.0762765226574
4	688	54	2.2079050475675
4	694	55	0.973
4	783	56	0.973
4	784	57	1.9981722400552
4	785	58	6.8392136607785
4	787	59	7.4388240561165
4	910	60	8.0216985543712
4	999	61	2.8962436670766
4	1000	62	2.0513048854045
4	1001	63	1.9158218527888
4	1002	64	1.83042083616
4	1008	65	2.0159857006497
4	1097	66	2.1752616037076
4	1098	67	2.0323361898862
4	1099	68	2.068489806434
4	1101	69	1.8655869006752
4	1135	70	2.1377719002331
4	1224	71	2.0953463695526
4	1225	72	2.02808686914
4	1226	73	2.1762345821499
4	1227	74	1.6695133606323
4	1233	75	2.0723623974584
4	1322	76	2.1242211378446
4	1323	77	2.0036055024517
4	1324	78	1.9684038255404
4	1326	79	1.9923175301724
4	1391	80	2.3392716703004
4	1480	81	1.8125801847432
4	1481	82	2.135958490657
4	1482	83	2.1357823518096
4	1483	84	1.9169375923287
4	1489	85	1.9428171306042
4	1578	86	2.2400232244246
4	1579	87	1.8287137048204
4	1580	88	2.2041164533581
4	1582	89	1.7866280086376
4	1647	90	2.1929573955594
4	1736	91	1.8300151047099
4	1737	92	2.3332350137992
4	1738	93	1.9708180535351
4	1739	94	1.8866578415836
4	1745	95	2.0553168623154
4	1834	96	1.9301379304629
4	1835	97	2.1746109408982
4	1836	98	1.8741312461304
4	1838	99	2.2159646612241
4	1895	100	1.8380399031847
4	1984	101	2.0091578298045
4	1985	102	2.1573507720219
4	1986	103	2.1022370106513
4	1987	104	2.1706189132651
4	1993	105	1.8556074129551
4	2082	106	2.1430985127485
4	2083	107	2.0582182023879
4	2084	108	1.7869807069178
4	2086	109	2.04915725893
4	2143	110	2.2385801364622
4	2232	111	1.9064774972122
4	2233	112	1.8740858135151
4	2234	113	2.4117336945508
4	2235	114	2.0663451097858
4	2241	115	2.049781270302
4	2330	116	1.9034514293548
4	2331	117	0.973
4	2332	118	0.973
4	2334	119	6.4064115053323
4	2361	120	6.6074854131246
4	2450	121	8.129140092691
4	2451	122	5.8929866534247
4	2452	123	2.2824644075291
4	2453	124	1.7462516698454
4	2459	125	2.3774580864166
4	2548	126	1.791712422068
4	2549	127	2.0271004826608
4	2550	128	1.9296117203589
4	2552	129	2.2215241806738
4	2579	130	1.8795344719433
4	2668	131	2.3242045936435
4	2669	132	1.8770295597461
4	2670	133	1.9667136050304
4	2671	134	1.9886501447935
4	2677	135	2.1111000925511
4	2766	136	2.035042911156
4	2767	137	2.1412915744045
4	2768	138	2.0490080975844
4	2770	139	2.009469520265
4	2795	140	2.1935924069864
4	2884	141	1.8919502881142
4	2885	142	2.1738039948372
3	9	7	2.0351562025188
3	10	8	2.0728239309206
3	11	9	1.8459985194961
3	12	10	1.6806377231912
3	13	11	1.7988098975806
3	14	12	0.47554054130074
3	15	13	0.061173239194323
3	16	14	-0.055620486089028
3	17	15	-0.066165983418468
3	18	16	0.086919081138912
3	19	17	0.036356590145733
3	20	18	-0.050238356150221
3	21	19	-0.3366897756985
3	22	20	-4.3890787578094
3	23	21	-2.3502120689484
3	24	22	2.0942046986939
3	25	23	1.8712009013072
3	26	24	2.0642691432289
3	27	25	0.97305819752622
3	28	26	0.0099293734529056
3	29	27	0.10875052232994
3	30	28	-0.097961974120699
3	31	29	0.0063377623725671
3	36	30	-0.11182939996684
3	125	31	-4.3502378314368
3	126	32	-2.37
3	127	33	2.0650000655768
3	128	34	1.8438750253338
3	134	35	1.9489080988336
3	223	36	1.0146658204011
3	224	37	-0.043543361076154
3	225	38	0.013732459761668
3	227	39	0.04620933441678
3	232	40	0.036772125067655
3	481	41	-0.11725672942353
3	482	42	0.10334628686542
3	483	43	0.0027855999791075
3	484	44	-0.046517626119313
3	490	45	-0.8194364394483
3	583	46	-4.4627199294861
3	584	47	-0.95
3	585	48	1.9582996449945
3	587	49	2.1727836760785
3	592	50	1.8860695195966
3	685	51	0.15346569670863
3	686	52	0.038751911050641
3	687	53	0.013415999093558
3	688	54	0.050900899672415
3	694	55	-1.9363868274581
3	783	56	-4.4741079765139
3	784	57	0.24805314716417
3	785	58	2.1480671779462
3	787	59	1.9499597580498
3	910	60	1.816574087122
3	999	61	0.2549108687667
3	1000	62	0.0040675623202695
3	1001	63	-0.035144098699094
3	1002	64	-0.05900194413727
3	1008	65	-0.0034775557182734
3	1097	66	0.042672922664787
3	1098	67	0.00010463644983361
3	1099	68	0.01054309308296
3	1101	69	-0.048534659761936
3	1135	70	0.031709716990591
3	1224	71	0.018482652225066
3	1225	72	-0.0014854711573573
3	1226	73	0.04122404525755
3	1227	74	-0.10670664885547
3	1233	75	0.013322002415078
3	1322	76	0.027907304991968
3	1323	77	-0.0078152918163692
3	1324	78	-0.017797183278017
3	1326	79	-0.010348742359783
3	1391	80	0.090018455502577
3	1480	81	-0.064718850809149
3	1481	82	0.03075092191575
3	1482	83	0.029730572446715
3	1483	84	-0.03431722529931
3	1489	85	-0.025873639576602
3	1578	86	0.06067714736564
3	1579	87	-0.059932739995419
3	1580	88	0.050337936908472
3	1582	89	-0.071942997614386
3	1647	90	0.047835714872926
3	1736	91	-0.058696240165737
3	1737	92	0.088506520290393
3	1738	93	-0.018630255288443
3	1739	94	-0.042508303395008
3	1745	95	0.00758757484844
3	1834	96	-0.028929573693313
3	1835	97	0.0427063500206
3	1836	98	-0.045590438658838
3	1838	99	0.054714835963678
3	1895	100	-0.056336795690004
3	1984	101	-0.0050264153280288
3	1985	102	0.038033755284269
3	1986	103	0.020927475751376
3	1987	104	0.039961793124677
3	1993	105	-0.052196708011907
3	2082	106	0.032435286929831
3	2083	107	0.0069776578154421
3	2084	108	-0.07183601361001
3	2086	109	0.0063008051947691
3	2143	110	0.060753662195058
3	2232	111	-0.036968711595982
3	2233	112	-0.045396521615331
3	2234	113	0.11113423304167
3	2235	114	0.0083886327454827
3	2241	115	0.0033733089989987
3	2330	116	-0.038936502377037
3	2331	117	-3.6139046975153
3	2332	118	-3.79
3	2334	119	2.2629420279921
3	2361	120	1.8872128227609
3	2450	121	2.0258466370404
3	2451	122	1.1553673763268
3	2452	123	0.073703536610118
3	2453	124	-0.083667559397872
3	2459	125	0.10127966924105
3	2548	126	-0.070841975978109
3	2549	127	-0.00058075143955705
3	2550	128	-0.028858182567637
3	2552	129	0.05648817504756
3	2579	130	-0.04416898837313
3	2668	131	0.085556348168756
3	2669	132	-0.045990334476809
3	2670	133	-0.018726816391574
3	2671	134	-0.011833023440557
3	2677	135	0.023959397126454
3	2766	136	0.0012504293979152
3	2767	137	0.031875068957451
3	2768	138	0.0043007852463059
3	2770	139	-0.0072370024654091
3	2795	140	0.045975750787184
3	2884	141	-0.042291724409441
3	2885	142	0.040179645393509
2	8	6	4.0239826316459
2	9	7	6.0591388341648
2	10	8	8.1319627650853
2	11	9	9.9779612845814
2	12	10	11.658599007773
2	13	11	13.457408905353
2	14	12	13.932949446654
2	15	13	13.994122685848
2	16	14	13.938502199759
2	17	15	13.872336216341
2	18	16	13.95925529748
2	19	17	13.995611887625
2	20	18	13.945373531475
2	21	19	13.608683755777
2	22	20	9.2196049979673
2	23	21	6.869392929019
2	24	22	8.9635976277129
2	25	23	10.83479852902
2	26	24	12.899067672249
2	27	25	13.872125869775
2	28	26	13.882055243228
2	29	27	13.990805765558
2	30	28	13.892843791437
2	31	29	13.89918155381
2	36	30	13.787352153843
2	125	31	9.4371143224063
2	126	32	7.0671143224063
2	127	33	9.132114387983
2	128	34	10.975989413317
2	134	35	12.92489751215
2	223	36	13.939563332552
2	224	37	13.896019971475
2	225	38	13.909752431237
2	227	39	13.955961765654
2	232	40	13.992733890722
2	481	41	13.875477161298
2	482	42	13.978823448163
2	483	43	13.981609048143
2	484	44	13.935091422023
2	490	45	13.115654982575
2	583	46	8.6529350530888
2	584	47	7.7029350530888
2	585	48	9.6612346980834
2	587	49	11.834018374162
2	592	50	13.720087893759
2	685	51	13.873553590467
2	686	52	13.912305501518
2	687	53	13.925721500611
2	688	54	13.976622400284
2	694	55	12.040235572826
2	783	56	7.5661275963118
2	784	57	7.8141807434759
2	785	58	9.9622479214221
2	787	59	11.912207679472
2	910	60	13.728781766594
2	999	61	13.983692635361
2	1000	62	13.987760197681
2	1001	63	13.952616098982
2	1002	64	13.893614154845
2	1008	65	13.890136599126
2	1097	66	13.932809521791
2	1098	67	13.932914158241
2	1099	68	13.943457251324
2	1101	69	13.894922591562
2	1135	70	13.926632308553
2	1224	71	13.945114960778
2	1225	72	13.94362948962
2	1226	73	13.984853534878
2	1227	74	13.878146886022
2	1233	75	13.891468888437
2	1322	76	13.919376193429
2	1323	77	13.911560901613
2	1324	78	13.893763718335
2	1326	79	13.883414975975
2	1391	80	13.973433431478
2	1480	81	13.908714580669
2	1481	82	13.939465502584
2	1482	83	13.969196075031
2	1483	84	13.934878849732
2	1489	85	13.909005210155
2	1578	86	13.969682357521
2	1579	87	13.909749617525
2	1580	88	13.960087554434
2	1582	89	13.888144556819
2	1647	90	13.935980271692
2	1736	91	13.877284031527
2	1737	92	13.965790551817
2	1738	93	13.947160296529
2	1739	94	13.904651993134
2	1745	95	13.912239567982
2	1834	96	13.883309994289
2	1835	97	13.926016344309
2	1836	98	13.88042590565
2	1838	99	13.935140741614
2	1895	100	13.878803945924
2	1984	101	13.873777530596
2	1985	102	13.91181128588
2	1986	103	13.932738761632
2	1987	104	13.972700554756
2	1993	105	13.920503846745
2	2082	106	13.952939133674
2	2083	107	13.95991679149
2	2084	108	13.88808077788
2	2086	109	13.894381583075
2	2143	110	13.95513524527
2	2232	111	13.918166533674
2	2233	112	13.872770012058
2	2234	113	13.9839042451
2	2235	114	13.992292877845
2	2241	115	13.995666186844
2	2330	116	13.956729684467
2	2331	117	10.342824986952
2	2332	118	6.5528249869521
2	2334	119	8.8157670149442
2	2361	120	10.702979837705
2	2450	121	12.728826474745
2	2451	122	13.884193851072
2	2452	123	13.957897387682
2	2453	124	13.874229828285
2	2459	125	13.975509497526
2	2548	126	13.904667521548
2	2549	127	13.904086770108
2	2550	128	13.87522858754
2	2552	129	13.931716762588
2	2579	130	13.887547774215
2	2668	131	13.973104122384
2	2669	132	13.927113787907
2	2670	133	13.908386971515
2	2671	134	13.896553948075
2	2677	135	13.920513345201
2	2766	136	13.921763774599
2	2767	137	13.953638843556
2	2768	138	13.957939628803
2	2770	139	13.950702626337
2	2795	140	13.996678377124
2	2884	141	13.954386652715
2	2885	142	13.994566298109
1	7	5	1335.5871773995
1	8	6	1336.8986518253
1	9	7	1339.0728009148
1	10	8	1342.1083697053
1	11	9	1345.9264548048
1	12	10	1350.5305825099
1	13	11	1355.8427960938
1	14	12	1361.7010410344
1	15	13	1367.5748025468
1	16	14	1373.4429092314
1	17	15	1379.3123891531
1	18	16	1385.1793464934
1	19	17	1385.0828867052
1	20	18	1372.4530987116
1	21	19	1359.7713106181
1	22	20	1349.5436174534
1	23	21	1342.9925435726
1	24	22	1338.0028193602
1	25	23	1331.0211566463
1	26	24	1320.2658051597
1	27	25	1307.9523180006
1	28	26	1295.4674017131
1	29	27	1282.9836975681
1	30	28	1270.5035033533
1	31	29	1258.03379492
1	36	30	1245.5680013513
1	125	31	1235.3579932358
1	126	32	1228.7372143315
1	127	33	1225.4822340654
1	128	34	1229.7427424574
1	134	35	1234.8122712839
1	223	36	1240.5607566889
1	224	37	1246.4171575019
1	225	38	1252.2723666038
1	227	39	1258.1398975998
1	232	40	1266.8074419685
1	481	41	1279.490691348
1	482	42	1292.1757953307
1	483	43	1305.1826532511
1	484	44	1318.7968750633
1	490	45	1325.1763214869
1	583	46	1329.1781592174
1	584	47	1331.8950502472
1	585	48	1330.6050860006
1	587	49	1320.4630518388
1	592	50	1308.2273335252
1	685	51	1295.0291614849
1	686	52	1281.8286133669
1	687	53	1268.6355390567
1	688	54	1255.4212289685
1	694	55	1242.726778429
1	783	56	1233.6453893948
1	784	57	1227.0324960649
1	785	58	1228.3313914733
1	787	59	1233.1572087687
1	910	60	1238.7613498569
1	999	61	1244.792854338
1	1000	62	1250.8183377236
1	1001	63	1256.5078115063
1	1002	64	1261.3781020148
1	1008	65	1266.2345130555
1	1097	66	1270.89336015
1	1098	67	1275.5491197864
1	1099	68	1280.2128367117
1	1101	69	1284.7847017236
1	1135	70	1288.8299661716
1	1224	71	1292.8792076092
1	1225	72	1296.8038380975
1	1226	73	1300.5135877198
1	1227	74	1304.2198077142
1	1233	75	1307.9019708969
1	1322	76	1311.0035995329
1	1323	77	1314.0994217824
1	1324	78	1317.2025198461
1	1326	79	1320.3071356658
1	1391	80	1322.8455480225
1	1480	81	1325.1504120398
1	1481	82	1327.4520733207
1	1482	83	1329.7227550913
1	1483	84	1330.9947129451
1	1489	85	1332.2647760855
1	1578	86	1333.5814602068
1	1579	87	1334.9440607205
1	1580	88	1336.145168636
1	1582	89	1336.964456127
1	1647	90	1337.7847280456
1	1736	91	1338.6471750978
1	1737	92	1339.7000372494
1	1738	93	1340.7537773382
1	1739	94	1341.8066264689
1	1745	95	1342.9616554268
1	1834	96	1344.1863452215
1	1835	97	1342.1478706105
1	1836	98	1343.3716107439
1	1838	99	1344.5967006683
1	1895	100	1345.8205628349
1	1984	101	1347.0434777169
1	1985	102	1348.2658175239
1	1986	103	1349.4911403405
1	1987	104	1350.7160893483
1	1993	105	1351.9389789943
1	2082	106	1353.2493725596
1	2083	107	1354.8825569935
1	2084	108	1356.5158245964
1	2086	109	1358.1502058981
1	2143	110	1359.7823023153
1	2232	111	1361.4173554629
1	2233	112	1363.0494185165
1	2234	113	1364.6846510824
1	2235	114	1366.3203484099
1	2241	115	1367.9523176476
1	2330	116	1369.6684843693
1	2331	117	1371.3185897535
1	2332	118	1372.362979793
1	2334	119	1372.7952747503
1	2361	120	1369.9006147115
1	2450	121	1359.5345363412
1	2451	122	1346.0583278639
1	2452	123	1332.2500512199
1	2453	124	1318.9752698038
1	2459	125	1305.1978810914
1	2548	126	1291.3972031437
1	2549	127	1277.6330758287
1	2550	128	1263.8963764496
1	2552	129	1250.2433341946
1	2579	130	1236.5774413487
1	2668	131	1222.8972533094
1	2669	132	1209.2210491821
1	2670	133	1195.5296119647
1	2671	134	1181.75893756
1	2677	135	1170.0376318656
1	2766	136	1170.68921874
1	2767	137	1170.9632620374
1	2768	138	1171.039050499
1	2770	139	1171.1149138073
1	2795	140	1171.1908353176
1	2884	141	1171.3561886922
1	2885	142	1171.5077917585
0	7	5	125.61919732683
0	8	6	128.44250690041
0	9	7	133.12296106422
0	10	8	139.65785816812
0	11	9	147.87733694608
0	12	10	157.78898872458
0	13	11	169.22499019699
0	14	12	181.8364744134
0	15	13	194.48136232037
0	16	14	207.11407665571
0	17	15	219.74974725931
0	18	16	232.37998731388
0	19	17	244.57515972573
0	20	18	250.46249404177
0	21	19	256.17847980082
0	22	20	260.78834617371
0	23	21	263.74107214063
0	24	22	269.46719195845
0	25	23	275.89256725425
0	26	24	281.21160962689
0	27	25	287.3012255769
0	28	26	293.47562153544
0	29	27	299.6479851224
0	30	28	305.81710938935
0	31	29	311.98260772857
0	36	30	318.14796416194
0	125	31	323.19763077283
0	126	32	326.47186305816
0	127	33	332.45212987904
0	128	34	341.65135003999
0	134	35	352.59739391506
0	223	36	365.0094297477
0	224	37	377.65928131272
0	225	38	390.30938049115
0	227	39	402.98610095354
0	232	40	408.07097772812
0	481	41	402.31204443413
0	482	42	396.55226904235
0	483	43	391.72014644579
0	484	44	392.10478722013
0	490	45	403.51283290493
0	583	46	413.40198960272
0	584	47	420.11584532179
0	585	48	428.02595234511
0	587	49	431.85008395149
0	592	50	436.00266943348
0	685	51	440.48330612725
0	686	52	444.96592801879
0	687	53	449.4464949558
0	688	54	453.93427388323
0	694	55	458.24550067016
0	783	56	461.33015862375
0	784	57	463.7369942168
0	785	58	471.66575560567
0	787	59	481.55103806616
0	910	60	493.25099531445
0	999	61	505.84317374928
0	1000	62	518.42278173822
0	1001	63	531.15268380695
0	1002	64	544.22603661323
0	1008	65	557.28876648075
0	1097	66	570.43245556089
0	1098	67	583.56743420474
0	1099	68	596.72486220626
0	1101	69	609.89391760842
0	1135	70	623.24616947921
0	1224	71	636.61154824554
0	1225	72	650.00590162922
0	1226	73	663.46613487497
0	1227	74	676.9135614289
0	1233	75	690.34295606788
0	1322	76	703.93225586251
0	1323	77	717.49611588265
0	1324	78	731.09185373911
0	1326	79	744.6942414114
0	1391	80	758.41501339502
0	1480	81	772.17616727669
0	1481	82	785.91819926922
0	1482	83	799.68726941303
0	1483	84	813.58846788993
0	1489	85	827.46895908879
0	1578	86	841.34248147823
0	1579	87	855.22072265949
0	1580	88	869.11548758182
0	1582	89	883.02289275371
0	1647	90	896.94700857054
0	1736	91	910.84291994257
0	1737	92	924.74181447504
0	1738	93	938.6522987138
0	1739	94	952.55102136428
0	1745	95	966.43314606405
0	1834	96	980.31472334731
0	1835	97	994.7381907471
0	1836	98	1008.6043172847
0	1838	99	1022.4857382281
0	1895	100	1036.3532475068
0	1984	101	1050.2100231739
0	1985	102	1064.0602826998
0	1986	103	1077.9443425166
0	1987	104	1091.8241667395
0	1993	105	1105.6806564553
0	2082	106	1119.4448174394
0	2083	107	1133.2844841897
0	2084	108	1147.1248557101
0	2086	109	1160.9746647627
0	2143	110	1174.80511162
0	2232	111	1188.660613915
0	2233	112	1202.4907780415
0	2234	113	1216.3478007411
0	2235	114	1230.2087618478
0	2241	115	1244.0381309733
0	2330	116	1257.8672154993
0	2331	117	1270.0957226856
0	2332	118	1277.9761202578
0	2334	119	1285.8001434013
0	2361	120	1294.9657803
0	2450	121	1300.1515281767
0	2451	122	1302.1186778395
0	2452	123	1304.0306737765
0	2453	124	1309.4176257415
0	2459	125	1311.5434703652
0	2548	126	1313.6729085071
0	2549	127	1315.7967069034
0	2550	128	1318.0442038671
0	2552	129	1320.5613153708
0	2579	130	1322.9860188235
0	2668	131	1325.2877550822
0	2669	132	1327.5535512618
0	2670	133	1329.8218711735
0	2671	134	1331.3951272842
0	2677	135	1335.4392033622
0	2766	136	1349.3236794097
0	2767	137	1363.2535704776
0	2768	138	1377.1749635647
0	2770	139	1391.1101048704
0	2795	140	1405.0559373122
0	2884	141	1418.9816813899
0	2885	142	1432.9200101111
9	13	11	3.924853169192
9	14	12	5.4850766460064
9	15	13	6.9584024604575
9	16	14	7.0733243056348
9	17	15	8.6749653013229
9	18	16	2.1614174463212
9	19	17	2.1126256132781
9	20	18	2.0368507984374
9	21	19	1.9925605656322
9	22	20	2.1044100524937
9	23	21	2.1991923799508
9	24	22	1.8044795234224
9	25	23	1.9003547160209
9	26	24	2.0737584167646
9	27	25	2.1314250225533
9	28	26	1.9291286339741
9	29	27	1.9918882465143
9	30	28	2.036239234214
9	31	29	2.0008553051445
9	36	30	2.0807038532224
9	125	31	1.9138752431216
9	126	32	2.309403068834
9	127	33	1.9229457104632
9	128	34	1.9068258183084
9	134	35	2.2592208150436
9	223	36	1.9608671643216
9	224	37	2.0607713070216
9	225	38	0.973
9	227	39	0.973
9	232	40	0.973
9	481	41	5.9959063824346
9	482	42	7.4224349253393
9	483	43	7.8609036573616
9	484	44	4.4178708271845
9	490	45	1.9153318152387
9	583	46	1.9464904411753
9	584	47	2.1256281775322
9	585	48	2.2324289851592
9	587	49	1.9065926706636
9	592	50	2.0729903282119
9	685	51	2.1067833352962
9	686	52	1.8236977709397
9	687	53	2.094916143284
9	688	54	2.1281560893429
9	694	55	2.0599880811955
9	783	56	1.8288386951817
9	784	57	2.0962042418348
9	785	58	2.0956887330849
9	787	59	1.7955353653623
9	910	60	2.0943888029323
9	999	61	2.3026494167261
9	1000	62	0.973
9	1001	63	0.973
9	1002	64	6.7627986733269
9	1008	65	6.2779863233434
9	1097	66	8.0063476992263
9	1098	67	6.206158007704
9	1099	68	1.789300184152
9	1101	69	2.2653930400279
9	1135	70	1.8313071777699
9	1224	71	2.3734246463537
9	1225	72	1.6415722999571
9	1226	73	2.344460153022
9	1227	74	1.7906488674659
9	1233	75	2.3728954527031
9	1322	76	1.6543409010738
9	1323	77	2.0816869303873
9	1324	78	2.0139656584361
9	1326	79	2.259217126649
9	1391	80	1.8927257164435
9	1480	81	2.0195400507203
9	1481	82	1.8837212374309
9	1482	83	2.0803886108341
9	1483	84	2.1296553137741
9	1489	85	2.0955344006504
9	1578	86	2.2353650135482
9	1579	87	1.6652100339465
9	1580	88	2.0979397474814
9	1582	89	2.3402836817731
9	1647	90	1.9275922798369
9	1736	91	2.1083812817834
9	1737	92	1.6495950377029
9	1738	93	2.3227692891624
9	1739	94	2.0611396166649
9	1745	95	1.8400392892335
9	1834	96	2.3012972461067
9	1835	97	1.9232113588839
9	1836	98	2.1147481458021
9	1838	99	1.7184033875154
9	1895	100	2.1676036269525
9	1984	101	2.2450017845501
9	1985	102	1.6926780220416
9	1986	103	2.1705836253739
9	1987	104	1.9406950553275
9	1993	105	1.9864203595704
9	2082	106	2.3693728247133
9	2083	107	1.84209125683
9	2084	108	2.1088642087357
9	2086	109	2.0591828423586
9	2143	110	1.9617940556468
9	2232	111	2.133169723608
9	2233	112	2.0569666740093
9	2234	113	1.8177570188171
9	2235	114	2.1987797434161
9	2241	115	1.9230608488579
9	2330	116	2.2101000585014
9	2331	117	1.7706149278219
9	2332	118	2.3194908371474
9	2334	119	1.8337836608196
9	2361	120	2.0404540389394
9	2450	121	1.9673619818104
9	2451	122	2.0596537653619
9	2452	123	2.1017675861278
9	2453	124	2.0692202504927
9	2459	125	1.8701147474766
9	2548	126	1.9148580298065
9	2549	127	2.2717973229683
9	2550	128	2.0839039440331
9	2552	129	2.0938408144631
9	2579	130	1.7154185350855
9	2668	131	2.2696445937142
9	2669	132	1.9127097033561
9	2670	133	2.0391011563669
9	2671	134	2.1973223745144
9	2677	135	1.9616438627955
9	2766	136	1.8910773459161
9	2767	137	1.9689666671713
9	2768	138	2.0424761293124
9	2770	139	2.1661689933042
9	2795	140	2.1367095818064
9	2884	141	1.9350609823767
9	2885	142	2.2348821822919
9	2886	143	2.0232510078162
9	2887	144	2.0661378207748
9	2892	145	1.8199314903211
9	2973	146	1.8440135090952
9	2974	147	2.3617647269669
9	2975	148	1.7524402403973
9	2977	149	2.0869789882659
9	3000	150	1.8971116060392
9	3081	151	2.1322881434804
9	3082	152	2.1777567355398
9	3083	153	1.8171835891992
9	3084	154	2.3971447652425
9	3089	155	1.8386731316367
9	3170	156	2.1893851936878
9	3171	157	1.9434781683504
9	3172	158	1.8200390766829
9	3174	159	2.3494181165617
9	3197	160	1.994964521267
9	3278	161	1.8855661985778
9	3279	162	1.8861811886609
9	3280	163	2.1975178895372
9	3281	164	2.0669074612977
9	3286	165	2.2211140391783
9	3367	166	1.6192543987927
9	3368	167	2.1103327040856
9	3369	168	2.2051800704967
9	3371	169	2.0758032606871
9	3394	170	2.1539850269916
9	3475	171	1.9267874854645
9	3476	172	1.7305404483538
9	3477	173	2.3237564335591
9	3478	174	1.7185218099747
9	3483	175	2.2110527682555
9	3567	176	1.9837217712463
9	3568	177	1.9904245002578
9	3569	178	2.1013363855734
9	3571	179	2.2055176097965
9	3594	180	1.9866552874771
9	3679	181	1.8330085037158
9	3680	182	1.9834732197368
9	3681	183	2.2261562648194
9	3682	184	2.2304449431016
9	3687	185	1.9808050971173
9	3771	186	1.6659900865709
9	3772	187	2.3403967536874
9	3773	188	2.0276776174804
9	3775	189	1.9340657317694
9	3798	190	1.8419922913742
9	3883	191	2.2149814288408
9	3884	192	1.9335182611631
9	3885	193	1.9965872546444
9	3886	194	2.33372431904
9	3891	195	1.6890649925803
9	3976	196	2.2766119899639
9	3977	197	2.1571093061307
9	3978	198	1.7404758325143
8	13	11	1.7956732204696
8	14	12	2.0765626405575
8	15	13	2.1724535532296
8	16	14	1.8267103394889
8	17	15	1.9878616475708
8	18	16	0.039073463368695
8	19	17	0.023762828365435
8	20	18	0.0011732388962979
8	21	19	-0.011663781704845
8	22	20	0.020982753958087
8	23	21	0.047562608188018
8	24	22	-0.067708294186742
8	25	23	-0.038100023008882
8	26	24	0.013273572551551
8	27	25	0.029519556958695
8	28	26	-0.029871258579661
8	29	27	-0.010824180103372
8	30	28	0.0023481993144365
8	31	29	-0.0079786233045152
8	36	30	0.015390541118103
8	125	31	-0.033458155361004
8	126	32	0.081877902995329
8	127	33	-0.032143502144608
8	128	34	-0.035950137586333
8	134	35	0.066993628682104
8	223	36	-0.021126942641567
8	224	37	0.0083700648206282
8	225	38	-1.0764570982116
8	227	39	-4.4698684945357
8	232	40	-0.95
8	481	41	1.9292664009146
8	482	42	2.0441468363116
8	483	43	1.8447409929219
8	484	44	0.70762020346883
8	490	45	-0.034774578709621
8	583	46	-0.024787544657011
8	584	47	0.027752532321028
8	585	48	0.057558778268286
8	587	49	-0.038000574400648
8	592	50	0.011123153080698
8	685	51	0.020508076485712
8	686	52	-0.061861900596414
8	687	53	0.018364920725581
8	688	54	0.027369384353515
8	694	55	0.0069116705236958
8	783	56	-0.060134990874213
8	784	57	0.018966816016473
8	785	58	0.0182349635032
8	787	59	-0.069249841626734
8	910	60	0.019429097932298
8	999	61	0.078725151435938
8	1000	62	-3.6177515779157
8	1001	63	-3.7867414574832
8	1002	64	2.3851650524465
8	1008	65	1.7558462764183
8	1097	66	1.9891913347668
8	1098	67	1.2408792225546
8	1099	68	-0.070955926461611
8	1101	69	0.068921740255318
8	1135	70	-0.05866703622276
8	1224	71	0.09952131062979
8	1225	72	-0.11500108242966
8	1226	73	0.091788084246218
8	1227	74	-0.070947661667597
8	1233	75	0.099176320873667
8	1322	76	-0.11137595352251
8	1323	77	0.015840366729536
8	1324	78	-0.0042478890996431
8	1326	79	0.066637044139206
8	1391	80	-0.04115088614868
8	1480	81	-0.0032541870791469
8	1481	82	-0.042584510610904
8	1482	83	0.015732200033963
8	1483	84	0.029488993377891
8	1489	85	0.018723831030075
8	1578	86	0.058327433804516
8	1579	87	-0.10824658930767
8	1580	88	0.020379709815607
8	1582	89	0.089373562694526
8	1647	90	-0.032049733353778
8	1736	91	0.020989641256165
8	1737	92	-0.11260187980719
8	1738	93	0.085571244012099
8	1739	94	0.0075773906102405
8	1745	95	-0.056613049004227
8	1834	96	0.078141054688022
8	1835	97	-0.033070914919955
8	1836	98	0.023130310683046
8	1838	99	-0.092319908943027
8	1895	100	0.040538956082893
8	1984	101	0.061453521691728
8	1985	102	-0.10005106650991
8	1986	103	0.041335389092566
8	1987	104	-0.026385667801369
8	1993	105	-0.012375736166724
8	2082	106	0.09831065178849
8	2083	107	-0.056583837312647
8	2084	108	0.022148496503942
8	2086	109	0.0071563559654173
8	2143	110	-0.021172895978671
8	2232	111	0.02889171979623
8	2233	112	0.006072434952948
8	2234	113	-0.063308305866084
8	2235	114	0.048667840554844
8	2241	115	-0.032362616104074
8	2330	116	0.051383499214426
8	2331	117	-0.077132433790249
8	2332	118	0.083612148496323
8	2334	119	-0.05892769762082
8	2361	120	0.0025594921479932
8	2450	121	-0.018668165241834
8	2451	122	0.0085902345576336
8	2452	123	0.020489134266972
8	2453	124	0.010476198962424
8	2459	125	-0.047457784591243
8	2548	126	-0.033178401221521
8	2549	127	0.071060547081288
8	2550	128	0.014682399968152
8	2552	129	0.017095621782355
8	2579	130	-0.093066204520873
8	2668	131	0.070107455251271
8	2669	132	-0.035071382864842
8	2670	133	0.0025355940312135
8	2671	134	0.048072308562697
8	2677	135	-0.021327177309431
8	2766	136	-0.041194627652876
8	2767	137	-0.017443687340711
8	2768	138	0.0043853565957388
8	2770	139	0.03999920598697
8	2795	140	0.030239532557315
8	2884	141	-0.028871672523673
8	2885	142	0.058393769450486
8	2886	143	-0.0042406679457052
8	2887	144	0.0082268672017367
8	2892	145	-0.063138334702234
8	2973	146	-0.054526019347831
8	2974	147	0.096657089774963
8	2975	148	-0.082258103950881
8	2977	149	0.017121156428475
8	3000	150	-0.038458565436304
8	3081	151	0.030884451516904
8	3082	152	0.043013620965649
8	3083	153	-0.062659225058741
8	3084	154	0.10661972837755
8	3089	155	-0.057526910288725
8	3170	156	0.04540146834217
8	3171	157	-0.026839782688766
8	3172	158	-0.061953525990248
8	3174	159	0.092764805110637
8	3197	160	-0.012078632358461
8	3278	161	-0.043393663861789
8	3279	162	-0.042061348550488
8	3280	163	0.049314619239887
8	3281	164	0.010101560566108
8	3286	165	0.054135649560486
8	3367	166	-0.12166505079251
8	3368	167	0.024408948298078
8	3369	168	0.050984522211365
8	3371	169	0.012123742550612
8	3394	170	0.034232145296409
8	3475	171	-0.032217368797864
8	3476	172	-0.088411356175785
8	3477	173	0.085831150314771
8	3478	174	-0.091862031805794
8	3483	175	0.053643216616473
8	3567	176	-0.0137005846994
8	3568	177	-0.011365243617909
8	3569	178	0.021074188209603
8	3571	179	0.05041253205156
8	3594	180	-0.014177170901092
8	3679	181	-0.058334222610576
8	3680	182	-0.013026961339637
8	3681	183	0.057508956652601
8	3682	184	0.056823187719564
8	3687	185	-0.016684785147662
8	3771	186	-0.10767911367817
8	3772	187	0.090655260584317
8	3773	188	-0.0021941931499168
8	3775	189	-0.029187647632789
8	3798	190	-0.055152119672858
8	3883	191	0.054489350533112
8	3884	192	-0.028524450019466
8	3885	193	-0.0094237708789304
8	3886	194	0.088011183012277
8	3891	195	-0.1009566232888
8	3976	196	0.072088997352404
8	3977	197	0.035387835875152
8	3978	198	-0.086107302382588
7	12	10	4.0186940901658
7	13	11	5.8143673106354
7	14	12	7.890929951193
7	15	13	10.063383504423
7	16	14	11.890093843911
7	17	15	13.877955491482
7	18	16	13.917028954851
7	19	17	13.940791783216
7	20	18	13.941965022113
7	21	19	13.930301240408
7	22	20	13.951283994366
7	23	21	13.998846602554
7	24	22	13.931138308367
7	25	23	13.893038285358
7	26	24	13.90631185791
7	27	25	13.935831414869
7	28	26	13.905960156289
7	29	27	13.895135976186
7	30	28	13.8974841755
7	31	29	13.889505552195
7	36	30	13.904896093314
7	125	31	13.871437937953
7	126	32	13.953315840948
7	127	33	13.921172338803
7	128	34	13.885222201217
7	134	35	13.952215829899
7	223	36	13.931088887258
7	224	37	13.939458952078
7	225	38	12.863001853867
7	227	39	8.3931333593308
7	232	40	7.4431333593308
7	481	41	9.3723997602455
7	482	42	11.416546596557
7	483	43	13.261287589479
7	484	44	13.968907792948
7	490	45	13.934133214238
7	583	46	13.909345669581
7	584	47	13.937098201902
7	585	48	13.99465698017
7	587	49	13.95665640577
7	592	50	13.96777955885
7	685	51	13.988287635336
7	686	52	13.92642573474
7	687	53	13.944790655465
7	688	54	13.972160039819
7	694	55	13.979071710343
7	783	56	13.918936719468
7	784	57	13.937903535485
7	785	58	13.956138498988
7	787	59	13.886888657361
7	910	60	13.906317755294
7	999	61	13.98504290673
7	1000	62	10.367291328814
7	1001	63	6.5805498713306
7	1002	64	8.9657149237772
7	1008	65	10.721561200195
7	1097	66	12.710752534962
7	1098	67	13.951631757517
7	1099	68	13.880675831055
7	1101	69	13.949597571311
7	1135	70	13.890930535088
7	1224	71	13.990451845718
7	1225	72	13.875450763288
7	1226	73	13.967238847534
7	1227	74	13.896291185867
7	1233	75	13.99546750674
7	1322	76	13.884091553218
7	1323	77	13.899931919947
7	1324	78	13.895684030848
7	1326	79	13.962321074987
7	1391	80	13.921170188838
7	1480	81	13.917916001759
7	1481	82	13.875331491148
7	1482	83	13.891063691182
7	1483	84	13.92055268456
7	1489	85	13.93927651559
7	1578	86	13.997603949395
7	1579	87	13.889357360087
7	1580	88	13.909737069902
7	1582	89	13.999110632597
7	1647	90	13.967060899243
7	1736	91	13.988050540499
7	1737	92	13.875448660692
7	1738	93	13.961019904704
7	1739	94	13.968597295315
7	1745	95	13.91198424631
7	1834	96	13.990125300998
7	1835	97	13.957054386078
7	1836	98	13.980184696761
7	1838	99	13.887864787818
7	1895	100	13.928403743901
7	1984	101	13.989857265593
7	1985	102	13.889806199083
7	1986	103	13.931141588176
7	1987	104	13.904755920374
7	1993	105	13.892380184208
7	2082	106	13.990690835996
7	2083	107	13.934106998683
7	2084	108	13.956255495187
7	2086	109	13.963411851153
7	2143	110	13.942238955174
7	2232	111	13.97113067497
7	2233	112	13.977203109923
7	2234	113	13.913894804057
7	2235	114	13.962562644612
7	2241	115	13.930200028508
7	2330	116	13.981583527722
7	2331	117	13.904451093932
7	2332	118	13.988063242428
7	2334	119	13.929135544808
7	2361	120	13.931695036956
7	2450	121	13.913026871714
7	2451	122	13.921617106271
7	2452	123	13.942106240538
7	2453	124	13.952582439501
7	2459	125	13.90512465491
7	2548	126	13.871946253688
7	2549	127	13.943006800769
7	2550	128	13.957689200738
7	2552	129	13.97478482252
7	2579	130	13.881718617999
7	2668	131	13.95182607325
7	2669	132	13.916754690385
7	2670	133	13.919290284417
7	2671	134	13.967362592979
7	2677	135	13.94603541567
7	2766	136	13.904840788017
7	2767	137	13.887397100676
7	2768	138	13.891782457272
7	2770	139	13.931781663259
7	2795	140	13.962021195816
7	2884	141	13.933149523293
7	2885	142	13.991543292743
7	2886	143	13.987302624797
7	2887	144	13.995529491999
7	2892	145	13.932391157297
7	2973	146	13.877865137949
7	2974	147	13.974522227724
7	2975	148	13.892264123773
7	2977	149	13.909385280202
7	3000	150	13.870926714765
7	3081	151	13.901811166282
7	3082	152	13.944824787248
7	3083	153	13.882165562189
7	3084	154	13.988785290567
7	3089	155	13.931258380278
7	3170	156	13.97665984862
7	3171	157	13.949820065931
7	3172	158	13.887866539941
7	3174	159	13.980631345052
7	3197	160	13.968552712693
7	3278	161	13.925159048832
7	3279	162	13.883097700281
7	3280	163	13.932412319521
7	3281	164	13.942513880087
7	3286	165	13.996649529648
7	3367	166	13.874984478855
7	3368	167	13.899393427153
7	3369	168	13.950377949364
7	3371	169	13.962501691915
7	3394	170	13.996733837212
7	3475	171	13.964516468414
7	3476	172	13.876105112238
7	3477	173	13.961936262553
7	3478	174	13.870074230747
7	3483	175	13.923717447363
7	3567	176	13.910016862664
7	3568	177	13.898651619046
7	3569	178	13.919725807256
7	3571	179	13.970138339307
7	3594	180	13.955961168406
7	3679	181	13.897626945795
7	3680	182	13.884599984456
7	3681	183	13.942108941108
7	3682	184	13.998932128828
7	3687	185	13.98224734368
7	3771	186	13.874568230002
7	3772	187	13.965223490587
7	3773	188	13.963029297437
7	3775	189	13.933841649804
7	3798	190	13.878689530131
7	3883	191	13.933178880664
7	3884	192	13.904654430645
7	3885	193	13.895230659766
7	3886	194	13.983241842778
7	3891	195	13.882285219489
7	3976	196	13.954374216842
7	3977	197	13.989762052717
7	3978	198	13.903654750334
6	11	9	1713.5248246519
6	12	10	1710.3535634866
6	13	11	1705.3401222518
6	14	12	1698.3790876614
6	15	13	1689.3206482008
6	16	14	1678.2060376713
6	17	15	1665.1104362356
6	18	16	1651.1589737879
6	19	17	1637.2102177357
6	20	18	1623.993388759
6	21	19	1617.9686703207
6	22	20	1611.951945236
6	23	21	1605.9309274293
6	24	22	1599.9016039772
6	25	23	1593.884926185
6	26	24	1587.8609209778
6	27	25	1582.6291767824
6	28	26	1577.5534329647
6	29	27	1572.4757839376
6	30	28	1567.3910026001
6	31	29	1562.3166073067
6	36	30	1557.2455226667
6	125	31	1552.1605856232
6	126	32	1547.0835724901
6	127	33	1549.9691071501
6	128	34	1562.1401637038
6	134	35	1576.0842556087
6	223	36	1590.0415202845
6	224	37	1603.9796359837
6	225	38	1617.7312404877
6	227	39	1628.1342483787
6	232	40	1635.1173416544
6	481	41	1637.190010936
6	482	42	1633.2850060752
6	483	43	1628.6979015879
6	484	44	1623.571687906
6	490	45	1618.4184348313
6	583	46	1613.3344351808
6	584	47	1601.324607268
6	585	48	1587.3926027594
6	587	49	1573.4382736916
6	592	50	1559.4978199238
6	685	51	1545.5664177071
6	686	52	1531.64461054
6	687	53	1517.7571934676
6	688	54	1503.8411237476
6	694	55	1489.9044095213
6	783	56	1475.9856083663
6	784	57	1462.0435312297
6	785	58	1448.1153515698
6	787	59	1434.1851717765
6	910	60	1420.2648793692
6	999	61	1406.3381223567
6	1000	62	1394.086720759
6	1001	63	1386.16683851
6	1002	64	1378.2512997212
6	1008	65	1368.9305674275
6	1097	66	1363.2820462724
6	1098	67	1361.0104471566
6	1099	68	1359.0448914999
6	1101	69	1357.5847607506
6	1135	70	1356.1258129431
6	1224	71	1354.6661668234
6	1225	72	1353.2041738303
6	1226	73	1351.7454331433
6	1227	74	1350.2863524044
6	1233	75	1348.8263855167
6	1322	76	1344.0696485452
6	1323	77	1342.6073970376
6	1324	78	1341.1469669538
6	1326	79	1340.1341861319
6	1391	80	1339.1818251498
6	1480	81	1338.1201843265
6	1481	82	1336.930292272
6	1482	83	1335.7412934965
6	1483	84	1334.5497396654
6	1489	85	1333.3571986118
6	1578	86	1332.165971484
6	1579	87	1330.9769255528
6	1580	88	1329.7870794768
6	1582	89	1328.5978005473
6	1647	90	1327.4071102431
6	1736	91	1326.2166477721
6	1737	92	1325.0272427518
6	1738	93	1323.8352090931
6	1739	94	1322.7192255929
6	1745	95	1321.6084106155
6	1834	96	1320.4971907455
6	1835	97	1319.3801590027
6	1836	98	1318.4253352946
6	1838	99	1317.7026120964
6	1895	100	1316.6988695506
6	1984	101	1315.2036562366
6	1985	102	1313.3217567224
6	1986	103	1311.4378217142
6	1987	104	1309.5555779552
6	1993	105	1310.2684348971
6	2082	106	1307.0909253852
6	2083	107	1303.914885764
6	2084	108	1300.7385134362
6	2086	109	1297.3974911766
6	2143	110	1293.6749622393
6	2232	111	1289.9128945889
6	2233	112	1286.1586585706
6	2234	113	1282.0543893464
6	2235	114	1277.8921010708
6	2241	115	1273.5899032187
6	2330	116	1268.3917035637
6	2331	117	1263.1846504342
6	2332	118	1257.983508938
6	2334	119	1253.0930101704
6	2361	120	1248.2486872161
6	2450	121	1243.3416304747
6	2451	122	1237.6374261649
6	2452	123	1231.936332115
6	2453	124	1226.2375580948
6	2459	125	1220.5328646172
6	2548	126	1216.5418737801
6	2549	127	1227.6335528344
6	2550	128	1240.8305131644
6	2552	129	1254.0328632724
6	2579	130	1267.2118056798
6	2668	131	1280.4113463592
6	2669	132	1293.6102248272
6	2670	133	1306.8057780415
6	2671	134	1319.9943546914
6	2677	135	1333.1865098579
6	2766	136	1346.3663420081
6	2767	137	1359.5759197511
6	2768	138	1372.7724653911
6	2770	139	1385.8874627864
6	2795	140	1398.8986357581
6	2884	141	1411.8873828156
6	2885	142	1424.8724568766
6	2886	143	1437.8560457462
6	2887	144	1450.8477620929
6	2892	145	1463.8611082863
6	2973	146	1476.8803606462
6	2974	147	1489.8980288422
6	2975	148	1502.9177903691
6	2977	149	1515.4004644295
6	3000	150	1527.5303846523
6	3081	151	1539.6409569746
6	3082	152	1551.7610946894
6	3083	153	1563.8860722575
6	3084	154	1576.0083956653
6	3089	155	1588.1195484409
6	3170	156	1600.2666526921
6	3171	157	1612.3922359766
6	3172	158	1624.5154343452
6	3174	159	1636.298743777
6	3197	160	1648.061715438
6	3278	161	1659.8112547826
6	3279	162	1671.5555237588
6	3280	163	1683.3112159651
6	3281	164	1695.0635609748
6	3286	165	1706.8242415637
6	3367	166	1718.577574336
6	3368	167	1731.0086189983
6	3369	168	1743.5022612074
6	3371	169	1755.98798435
6	3394	170	1768.490093247
6	3475	171	1780.9758210629
6	3476	172	1793.4683739487
6	3477	173	1806.2852258869
6	3478	174	1819.4654938448
6	3483	175	1832.6915186308
6	3567	176	1845.904548795
6	3568	177	1859.1576526836
6	3569	178	1872.874788003
6	3571	179	1886.784501222
6	3594	180	1900.6997350501
6	3679	181	1914.63607518
6	3680	182	1928.5656964472
6	3681	183	1942.4953396637
6	3682	184	1956.4385908842
6	3687	185	1970.3474659473
6	3771	186	1984.2516389806
6	3772	187	1998.0754054468
6	3773	188	2012.0172311198
6	3775	189	2025.9548694436
6	3798	190	2033.1025468297
6	3883	191	2033.0627382537
6	3884	192	2033.0229051095
6	3885	193	2032.9831455927
6	3886	194	2032.9433656791
6	3891	195	2032.9036346022
6	3976	196	2032.8638387378
6	3977	197	2032.8240012117
6	3978	198	2032.7842830373
5	11	9	1561.9657133638
5	12	10	1562.0747833455
5	13	11	1562.2472118889
5	14	12	1562.4866244997
5	15	13	1562.7981736829
5	16	14	1562.9342935977
5	17	15	1562.9893705368
5	18	16	1563.0480470207
5	19	17	1563.1067121221
5	20	18	1562.0193155216
5	21	19	1549.4467551906
5	22	20	1536.8908756259
5	23	21	1524.3260378827
5	24	22	1511.7438676722
5	25	23	1499.1880867986
5	26	24	1486.6170148582
5	27	25	1473.7116408914
5	28	26	1460.7460936819
5	29	27	1447.7756797803
5	30	28	1434.787047012
5	31	29	1421.8249444908
5	36	30	1408.871298748
5	125	31	1395.8822682397
5	126	32	1382.9134786754
5	127	33	1369.8896004232
5	128	34	1365.4998589286
5	134	35	1365.5738648472
5	223	36	1365.6479406779
5	224	37	1365.7219148787
5	225	38	1365.7948992028
5	227	39	1365.8501114146
5	232	40	1365.8871730056
5	481	41	1360.0478552016
5	482	42	1350.2325287925
5	483	43	1338.7027280843
5	484	44	1325.8178630677
5	490	45	1312.865033865
5	583	46	1299.8916928325
5	584	47	1296.3384163569
5	585	48	1296.7410312578
5	587	49	1296.9904959684
5	592	50	1297.1731038771
5	685	51	1297.3555932185
5	686	52	1296.6237153966
5	687	53	1295.7314064314
5	688	54	1294.8790676501
5	694	55	1294.3868496992
5	783	56	1294.4686448089
5	784	57	1294.550576702
5	785	58	1294.7812176729
5	787	59	1295.0312533613
5	910	60	1295.281111579
5	999	61	1295.7313706871
5	1000	62	1297.0081441406
5	1001	63	1297.6570840111
5	1002	64	1297.547216496
5	1008	65	1294.6169329066
5	1097	66	1284.5402992622
5	1098	67	1271.1399644231
5	1099	68	1257.3627017513
5	1101	69	1243.5091263599
5	1135	70	1229.6667746002
5	1224	71	1215.8177973157
5	1225	72	1201.9465531383
5	1226	73	1188.1061665121
5	1227	74	1174.2625535128
5	1233	75	1160.4105328171
5	1322	76	1146.8171379706
5	1323	77	1132.9515530835
5	1324	78	1119.1032395809
5	1326	79	1105.1852144107
5	1391	80	1091.2966167585
5	1480	81	1077.4160809309
5	1481	82	1063.5441840354
5	1482	83	1049.682701087
5	1483	84	1035.7914310065
5	1489	85	1021.8886517764
5	1578	86	1008.0011904337
5	1579	87	994.13915774133
5	1580	88	980.26779686706
5	1582	89	966.4030478436
5	1647	90	952.52184486447
5	1736	91	938.64329798217
5	1737	92	924.77707897953
5	1738	93	910.88021501701
5	1739	94	896.97981846833
5	1745	95	883.08881546685
5	1834	96	869.19274918386
5	1835	97	855.30172077275
5	1836	98	841.39520441787
5	1838	99	827.48278285144
5	1895	100	813.60003463353
5	1984	101	799.76240871195
5	1985	102	785.97157224361
5	1986	103	772.16581937543
5	1987	104	758.37246023118
5	1993	105	743.99341511249
5	2082	106	730.41331441468
5	2083	107	716.83949576051
5	2084	108	703.26425518084
5	2086	109	689.73780659679
5	2143	110	676.27963929751
5	2232	111	662.82608586911
5	2233	112	649.4005391869
5	2234	113	636.06678355427
5	2235	114	622.745991598
5	2241	115	609.48209808907
5	2330	116	596.54033108032
5	2331	117	583.57652190211
5	2332	118	570.62743069895
5	2334	119	557.56185502291
5	2361	120	544.49320094928
5	2450	121	531.44008121721
5	2451	122	518.69744346989
5	2452	123	505.96175373963
5	2453	124	493.2312467302
5	2459	125	480.50651379989
5	2548	126	467.55673494679
5	2549	127	459.89861944853
5	2550	128	455.40665878926
5	2552	129	450.92384037236
5	2579	130	446.44896996988
5	2668	131	441.96710548562
5	2669	132	437.48320879368
5	2670	133	433.00060027954
5	2671	134	428.52126895881
5	2677	135	424.04368982126
5	2766	136	419.57698963187
5	2767	137	415.10664323939
5	2768	138	410.63110243925
5	2770	139	405.91378911654
5	2795	140	400.8430941127
5	2884	141	395.78113890288
5	2885	142	390.72061512794
5	2886	143	385.6606701595
5	2887	144	380.5975577624
5	2892	145	375.59841933008
5	2973	146	370.64810155623
5	2974	147	365.69838613004
5	2975	148	360.74787475518
5	2977	149	354.56892068405
5	3000	150	347.70856639137
5	3081	151	340.85915474629
5	3082	152	334.00433317467
5	3083	153	327.1467743133
5	3084	154	320.29071657278
5	3089	155	313.44097663951
5	3170	156	306.57090352534
5	3171	157	299.70989016583
5	3172	158	292.84597234277
5	3174	159	285.42644941644
5	3197	160	277.92995770392
5	3278	161	270.4420263496
5	3279	162	262.95745377929
5	3280	163	255.46560123214
5	3281	164	247.97588183975
5	3286	165	240.48085021786
5	3367	166	232.9905013286
5	3368	167	226.74015403027
5	3369	168	220.57892836665
5	3371	169	214.42160798144
5	3394	170	208.25620697998
5	3475	171	202.09888429043
5	3476	172	195.93819582521
5	3477	173	190.49642817047
5	3478	174	185.96730134333
5	3483	175	181.5656672722
5	3567	176	177.23319486261
5	3568	177	172.88758252177
5	3569	178	171.02213367866
5	3571	179	170.10885687731
5	3594	180	169.61582490487
5	3679	181	169.12204511312
5	3680	182	168.62850337802
5	3681	183	168.13496086514
5	3682	184	167.64093620586
5	3687	185	167.14812953142
5	3771	186	166.65548945509
5	3772	187	166.4482792255
5	3773	188	166.28328720573
5	3775	189	166.11834474036
5	3798	190	175.38058257813
5	3883	191	189.32412161969
5	3884	192	203.27626646252
5	3885	193	217.20262175298
5	3886	194	231.1361215146
5	3891	195	245.05251558905
5	3976	196	258.99160228425
5	3977	197	272.94528150302
5	3978	198	286.85715643561
14	21	19	4.0895159373932
14	22	20	5.0116229381608
14	23	21	6.0193584237935
14	24	22	7.2812948693241
14	25	23	8.3547130331184
14	26	24	3.3683542307115
14	27	25	0.973
14	28	26	0.973
14	29	27	3.3714052765021
14	30	28	6.8305146230434
14	31	29	7.437830049109
14	36	30	8.2411695047332
14	125	31	2.0536075646973
14	126	32	2.0790576358193
14	127	33	1.9440429086987
14	128	34	2.1527781651796
14	134	35	1.8447747463198
14	223	36	2.1197657361489
14	224	37	1.7697944603953
14	225	38	2.3977529695022
14	227	39	1.7719774310994
14	232	40	2.3085074926891
14	481	41	1.8915977595576
14	482	42	1.8956335729513
14	483	43	2.2217638172515
14	484	44	2.0690617210491
14	490	45	2.0822360063699
14	583	46	1.8077427238803
14	584	47	2.1075020123163
14	585	48	2.1614100082378
14	587	49	1.9230639725476
14	592	50	2.2058019307776
14	685	51	2.012685721008
14	686	52	1.6334750762975
14	687	53	2.1902459891206
14	688	54	2.1367440561228
14	694	55	2.1372240221896
14	783	56	1.6949594108251
14	784	57	2.3232161046221
14	785	58	1.9699620038407
14	787	59	2.0966971171739
14	910	60	1.9252966388568
14	999	61	2.1722636995231
14	1000	62	1.9151134248757
14	1001	63	2.009762585296
14	1002	64	1.9996988545279
14	1008	65	2.2019653346583
14	1097	66	2.0146572804883
14	1098	67	1.9646159062661
14	1099	68	2.0473303000424
14	1101	69	1.8965769771541
14	1135	70	2.0548473252411
14	1224	71	2.0103387643874
14	1225	72	2.2169364436231
14	1226	73	1.9494845098315
14	1227	74	1.8692955145478
14	1233	75	2.3947366323189
14	1322	76	1.6314213783169
14	1323	77	2.2885022183944
14	1324	78	1.8825628853086
14	1326	79	1.9003912577932
14	1391	80	2.2651977607046
14	1480	81	2.1894860911346
14	1481	82	1.7974509427863
14	1482	83	2.2503256936369
14	1483	84	1.8207978118674
14	1489	85	2.2586231336125
14	1578	86	2.030580845069
14	1579	87	1.6791535792276
14	1580	88	0.973
14	1582	89	0.973
14	1647	90	6.3051793590287
14	1736	91	6.7497808651117
14	1737	92	7.5666836188788
14	1738	93	5.8496393269536
14	1739	94	1.7203109379297
14	1745	95	1.9874226304231
14	1834	96	2.0404731836073
14	1835	97	2.1190114194532
14	1836	98	2.0206249910665
14	1838	99	2.3641839600749
14	1895	100	2.0061943197202
14	1984	101	2.0050724741764
14	1985	102	1.8111996335011
14	1986	103	2.0433111074609
14	1987	104	2.2476361407501
14	1993	105	1.9102983125385
14	2082	106	1.8991633295933
14	2083	107	1.9173666058731
14	2084	108	2.2398112864981
14	2086	109	2.1795835314391
14	2143	110	1.8141519811646
14	2232	111	1.9451934791776
14	2233	112	2.2951189219145
14	2234	113	1.793379891981
14	2235	114	2.075750631637
14	2241	115	1.9463997924271
14	2330	116	2.3601387406872
14	2331	117	1.7891148173424
14	2332	118	2.2653993659835
14	2334	119	1.873180806603
14	2361	120	2.2644008400413
14	2450	121	1.6926715920267
14	2451	122	2.2543981433829
14	2452	123	0.973
14	2453	124	0.973
14	2459	125	0.973
14	2548	126	1.6511033653208
14	2549	127	1.5344635604042
14	2550	128	1.7184637655225
14	2552	129	1.4339817440034
14	2579	130	1.6525111976211
14	2668	131	1.6307870993647
14	2669	132	1.5202447039507
14	2670	133	1.6155202975221
14	2671	134	1.6388419103208
14	2677	135	1.380206248074
14	2766	136	1.6934339478834
14	2767	137	1.5594909119201
14	2768	138	0.973
14	2770	139	6.0213082057317
14	2795	140	1.6866161862929
14	2884	141	1.4384234138718
14	2885	142	1.7296141554348
14	2886	143	1.6293691109057
14	2887	144	1.4450623246289
14	2892	145	1.5204607972096
14	2973	146	0.973
14	2974	147	0.973
14	2975	148	3.388794351861
14	2977	149	1.461557268222
14	3000	150	1.6047544120459
14	3081	151	1.4957091501523
14	3082	152	1.7410784230805
14	3083	153	1.4832710818305
14	3084	154	1.717445611669
14	3089	155	0.973
14	3170	156	4.4050895227884
14	3171	157	1.5645692455595
14	3172	158	1.5387345775228
14	3174	159	1.5130656125653
14	3197	160	1.6591865019295
14	3278	161	1.7064055961963
14	3279	162	1.5611828564876
14	3280	163	1.4067613265361
14	3281	164	1.680980715942
14	3286	165	1.5049700204412
14	3367	166	1.6577631930155
14	3368	167	1.6953506346111
14	3369	168	1.3209965715639
14	3371	169	1.7730581863022
14	3394	170	1.4138276969216
14	3475	171	1.6727851756426
14	3476	172	1.6666269613243
14	3477	173	1.4823948596053
14	3478	174	1.5012565955798
14	3483	175	1.6646333302943
14	3567	176	1.6907533908438
14	3568	177	1.4005816743164
14	3569	178	1.6488304902391
14	3571	179	1.4470184195328
14	3594	180	1.7724877757149
14	3679	181	1.6330700982124
14	3680	182	1.8419063511419
14	3681	183	6.5172793211513
14	3682	184	8.0463962101003
14	3687	185	6.7629488723083
14	3771	186	1.6298768751686
14	3772	187	2.4016985998399
14	3773	188	1.9567407714892
14	3775	189	2.1514230419773
14	3798	190	1.9002864647688
14	3883	191	2.1303110031159
14	3884	192	1.8214003977956
14	3885	193	2.2388866311878
14	3886	194	1.8021546389125
14	3891	195	2.1442462723112
14	3976	196	2.0941071992847
14	3977	197	1.7210174964245
14	3978	198	2.425199557162
14	3980	199	0.973
14	3985	200	0.973
14	4058	201	1.5200295612563
14	4059	202	1.7401873450008
14	4060	203	1.5479148349185
14	4061	204	1.4239043955975
14	4066	205	1.700755336923
14	4139	206	1.647158723389
13	21	19	1.8601921348413
13	22	20	1.8492584048561
13	23	21	1.8685810117889
13	24	22	1.9500104025309
13	25	23	1.9439994007791
13	26	24	0.39587441756721
13	27	25	-2.3100787038413
13	28	26	-4.4702336495608
13	29	27	0.93033079583663
13	30	28	2.0859464661125
13	31	29	1.9107536425488
13	36	30	1.8447169569337
13	125	31	0.005430368145463
13	126	32	0.012597496970557
13	127	33	-0.02672071340494
13	128	34	0.034234242504462
13	134	35	-0.055678813764825
13	223	36	0.025413776768838
13	224	37	-0.076739385528491
13	225	38	0.10691803349182
13	227	39	-0.076835218262858
13	232	40	0.080314280418678
13	481	41	-0.042193664435763
13	482	42	-0.039896460801828
13	483	43	0.05549788580276
13	484	44	0.0098128517344591
13	490	45	0.013307869022247
13	583	46	-0.066432218938136
13	584	47	0.022215915925337
13	585	48	0.037035022270866
13	587	49	-0.03279690343421
13	592	50	0.049640231099911
13	685	51	-0.0073945453832849
13	686	52	-0.11731713021407
13	687	53	0.047626757880206
13	688	54	0.030675693082157
13	694	55	0.029846531907097
13	783	56	-0.099133760516997
13	784	57	0.085551012498327
13	785	58	-0.018861359243747
13	787	59	0.018266004107426
13	910	60	-0.03177094933344
13	999	61	0.040431128176861
13	1000	62	-0.034956309741828
13	1001	63	-0.0065827742544933
13	1002	64	-0.0093037076247864
13	1008	65	0.049303278250154
13	1097	66	-0.0061402802146038
13	1098	67	-0.020418062892277
13	1099	68	0.0040686937374996
13	1101	69	-0.039683472688775
13	1135	70	0.0073044893541372
13	1224	71	-0.0057923810393543
13	1225	72	0.053978328416123
13	1226	73	-0.024780096341855
13	1227	74	-0.047372608729638
13	1233	75	0.10553906780202
13	1322	76	-0.11814264064655
13	1323	77	0.075571134130005
13	1324	78	-0.043928746846504
13	1326	79	-0.037572664988692
13	1391	80	0.069080996038391
13	1480	81	0.045033894765657
13	1481	82	-0.069493287533987
13	1482	83	0.063296968387439
13	1483	84	-0.062552645313552
13	1489	85	0.065650596113409
13	1578	86	-0.0019491900457069
13	1579	87	-0.10385708189117
13	1580	88	-4.4858471522712
13	1582	89	-2.37
13	1647	90	2.1242158252629
13	1736	91	1.8760385505971
13	1737	92	1.8221290922258
13	1738	93	1.1319032596448
13	1739	94	-0.091712834860665
13	1745	95	-0.011555642734747
13	1834	96	0.0041813229024417
13	1835	97	0.026795209420378
13	1836	98	-0.0024875293509101
13	1838	99	0.096436713368167
13	1895	100	-0.0093892056285405
13	1984	101	-0.0094414303707886
13	1985	102	-0.065306012432558
13	1986	103	0.0037895062449387
13	1987	104	0.062514309550171
13	1993	105	-0.036582470361608
13	2082	106	-0.038825577269309
13	2083	107	-0.032484162973706
13	2084	108	0.061794543163851
13	2086	109	0.042440638954286
13	2143	110	-0.064381002541632
13	2232	111	-0.024598500879947
13	2233	112	0.077161222063005
13	2234	113	-0.070130738322623
13	2235	114	0.013752701657358
13	2241	115	-0.024141917910892
13	2330	116	0.095904965007213
13	2331	117	-0.071751638397108
13	2332	118	0.067923985261004
13	2334	119	-0.047233532671816
13	2361	120	0.066934011196718
13	2450	121	-0.10022883676458
13	2451	122	0.06519551858306
13	2452	123	-0.29099197342672
13	2453	124	-4.4401928247473
13	2459	125	-0.74476285479895
13	2548	126	0.035456539324949
13	2549	127	-0.020696750811766
13	2550	128	0.066375348060392
13	2552	129	-0.069657613961027
13	2579	130	0.035702486457303
13	2668	131	0.024262776456307
13	2669	132	-0.028482811534777
13	2670	133	0.017256240532735
13	2671	134	0.02757200822467
13	2677	135	-0.095491309363862
13	2766	136	0.055572809474542
13	2767	137	-0.0092510596755879
13	2768	138	-2.2209495686386
13	2770	139	2.1754949515635
13	2795	140	0.052350872599053
13	2884	141	-0.066658823769538
13	2885	142	0.072996604423968
13	2886	143	0.023436883860269
13	2887	144	-0.064236364469398
13	2892	145	-0.026616824998055
13	2973	146	-0.47832036507183
13	2974	147	-0.34326126739849
13	2975	148	0.88045844982246
13	2977	149	-0.055558452159167
13	3000	150	0.01406336848857
13	3081	151	-0.038142079403624
13	3082	152	0.078959508836268
13	3083	153	-0.045198096882086
13	3084	154	0.066583374342882
13	3089	155	-1.4124525423206
13	3170	156	1.3775898195498
13	3171	157	-0.0062677227729004
13	3172	158	-0.018295435453766
13	3174	159	-0.029947259731124
13	3197	160	0.040175798665732
13	3278	161	0.060759332054294
13	3279	162	-0.0093183541507464
13	3280	163	-0.082298956981395
13	3281	164	0.050059758126736
13	3286	165	-0.034642554759047
13	3367	166	0.038603510304821
13	3368	167	0.054723130934871
13	3369	168	-0.12402538805269
13	3371	169	0.093645230019465
13	3394	170	-0.078826319871006
13	3475	171	0.04623469269136
13	3476	172	0.041642097779549
13	3477	173	-0.046395535152406
13	3478	174	-0.036151559394783
13	3483	175	0.04221289068926
13	3567	176	0.052846616709139
13	3568	177	-0.085658198602031
13	3569	178	0.034453259424772
13	3571	179	-0.062227497098503
13	3594	180	0.093304982651025
13	3679	181	0.024752575661987
13	3680	182	0.1201174410386
13	3681	183	1.8788396088895
13	3682	184	2.0236665379349
13	3687	185	1.4003872773835
13	3771	186	-0.11858873706078
13	3772	187	0.10801579904975
13	3773	188	-0.023310517782811
13	3775	189	0.033440098057035
13	3798	190	-0.039907443327829
13	3883	191	0.027580614835024
13	3884	192	-0.06245620933827
13	3885	193	0.059883507152554
13	3886	194	-0.067985359258019
13	3891	195	0.03294533405453
13	3976	196	0.01747593330685
13	3977	197	-0.091210143128409
13	3978	198	0.11493363419315
13	3980	199	-2.7840143073785
13	3985	200	-2.7117245182581
13	4058	201	-0.026691424802411
13	4059	202	0.077882782765665
13	4060	203	-0.015016526817345
13	4061	204	-0.073538063056766
13	4066	205	0.059886928948108
13	4139	206	0.03256158856675
12	20	18	4.1008792609036
12	21	19	5.961071395745
12	22	20	7.8103298006011
12	23	21	9.67891081239
12	24	22	11.628921214921
12	25	23	13.5729206157
12	26	24	13.968795033267
12	27	25	11.658716329426
12	28	26	7.1884826798651
12	29	27	8.1188134757017
12	30	28	10.204759941814
12	31	29	12.115513584363
12	36	30	13.960230541297
12	125	31	13.965660909442
12	126	32	13.978258406413
12	127	33	13.951537693008
12	128	34	13.985771935512
12	134	35	13.930093121747
12	223	36	13.955506898516
12	224	37	13.878767512988
12	225	38	13.98568554648
12	227	39	13.908850328217
12	232	40	13.989164608635
12	481	41	13.9469709442
12	482	42	13.907074483398
12	483	43	13.962572369201
12	484	44	13.972385220935
12	490	45	13.985693089957
12	583	46	13.919260871019
12	584	47	13.941476786945
12	585	48	13.978511809215
12	587	49	13.945714905781
12	592	50	13.995355136881
12	685	51	13.987960591498
12	686	52	13.870643461284
12	687	53	13.918270219164
12	688	54	13.948945912246
12	694	55	13.978792444153
12	783	56	13.879658683636
12	784	57	13.965209696135
12	785	58	13.946348336891
12	787	59	13.964614340998
12	910	60	13.932843391665
12	999	61	13.973274519842
12	1000	62	13.9383182101
12	1001	63	13.931735435845
12	1002	64	13.922431728221
12	1008	65	13.971735006471
12	1097	66	13.965594726256
12	1098	67	13.945176663364
12	1099	68	13.949245357101
12	1101	69	13.909561884413
12	1135	70	13.916866373767
12	1224	71	13.911073992727
12	1225	72	13.965052321143
12	1226	73	13.940272224802
12	1227	74	13.892899616072
12	1233	75	13.998438683874
12	1322	76	13.880296043227
12	1323	77	13.955867177357
12	1324	78	13.911938430511
12	1326	79	13.874365765522
12	1391	80	13.943446761561
12	1480	81	13.988480656326
12	1481	82	13.918987368792
12	1482	83	13.98228433718
12	1483	84	13.919731691866
12	1489	85	13.98538228798
12	1578	86	13.983433097934
12	1579	87	13.879576016043
12	1580	88	9.3937288637715
12	1582	89	7.0237288637715
12	1647	90	9.1479446890344
12	1736	91	11.023983239632
12	1737	92	12.846112331857
12	1738	93	13.978015591502
12	1739	94	13.886302756642
12	1745	95	13.874747113907
12	1834	96	13.878928436809
12	1835	97	13.90572364623
12	1836	98	13.903236116879
12	1838	99	13.999672830247
12	1895	100	13.990283624618
12	1984	101	13.980842194248
12	1985	102	13.915536181815
12	1986	103	13.91932568806
12	1987	104	13.98183999761
12	1993	105	13.945257527248
12	2082	106	13.906431949979
12	2083	107	13.873947787005
12	2084	108	13.935742330169
12	2086	109	13.978182969124
12	2143	110	13.913801966582
12	2232	111	13.889203465702
12	2233	112	13.966364687765
12	2234	113	13.896233949442
12	2235	114	13.9099866511
12	2241	115	13.885844733189
12	2330	116	13.981749698196
12	2331	117	13.909998059799
12	2332	118	13.97792204506
12	2334	119	13.930688512388
12	2361	120	13.997622523585
12	2450	121	13.89739368682
12	2451	122	13.962589205403
12	2452	123	13.671597231977
12	2453	124	9.2314044072294
12	2459	125	8.4866415524304
12	2548	126	8.5220980917554
12	2549	127	8.5014013409436
12	2550	128	8.567776689004
12	2552	129	8.498119075043
12	2579	130	8.5338215615003
12	2668	131	8.5580843379566
12	2669	132	8.5296015264218
12	2670	133	8.5468577669545
12	2671	134	8.5744297751792
12	2677	135	8.4789384658153
12	2766	136	8.5345112752899
12	2767	137	8.5252602156143
12	2768	138	6.3043106469757
12	2770	139	8.4798055985391
12	2795	140	8.5321564711382
12	2884	141	8.4654976473687
12	2885	142	8.5384942517926
12	2886	143	8.5619311356529
12	2887	144	8.4976947711835
12	2892	145	8.4710779461854
12	2973	146	7.9927575811136
12	2974	147	7.6494963137151
12	2975	148	8.5299547635376
12	2977	149	8.4743963113784
12	3000	150	8.488459679867
12	3081	151	8.4503176004634
12	3082	152	8.5292771092996
12	3083	153	8.4840790124175
12	3084	154	8.5506623867604
12	3089	155	7.1382098444399
12	3170	156	8.5157996639896
12	3171	157	8.5095319412167
12	3172	158	8.491236505763
12	3174	159	8.4612892460319
12	3197	160	8.5014650446976
12	3278	161	8.5622243767519
12	3279	162	8.5529060226011
12	3280	163	8.4706070656197
12	3281	164	8.5206668237465
12	3286	165	8.4860242689874
12	3367	166	8.5246277792923
12	3368	167	8.5793509102271
12	3369	168	8.4553255221744
12	3371	169	8.5489707521939
12	3394	170	8.4701444323229
12	3475	171	8.5163791250143
12	3476	172	8.5580212227938
12	3477	173	8.5116256876414
12	3478	174	8.4754741282466
12	3483	175	8.5176870189359
12	3567	176	8.570533635645
12	3568	177	8.484875437043
12	3569	178	8.5193286964678
12	3571	179	8.4571011993693
12	3594	180	8.5504061820203
12	3679	181	8.5751587576823
12	3680	182	8.6952761987209
12	3681	183	10.57411580761
12	3682	184	12.597782345545
12	3687	185	13.998169622929
12	3771	186	13.879580885868
12	3772	187	13.987596684918
12	3773	188	13.964286167135
12	3775	189	13.997726265192
12	3798	190	13.957818821864
12	3883	191	13.985399436699
12	3884	192	13.922943227361
12	3885	193	13.982826734514
12	3886	194	13.914841375255
12	3891	195	13.94778670931
12	3976	196	13.965262642617
12	3977	197	13.874052499488
12	3978	198	13.988986133682
12	3980	199	11.204971826303
12	3985	200	8.493247308045
12	4058	201	8.4665558832426
12	4059	202	8.5444386660083
12	4060	203	8.5294221391909
12	4061	204	8.4558840761341
12	4066	205	8.5157710050823
12	4139	206	8.548332593649
11	19	17	1122.3757942747
11	20	18	1125.4405678576
11	21	19	1130.2317088339
11	22	20	1136.8406346953
11	23	21	1145.2365514142
11	24	22	1155.389650628
11	25	23	1167.4006974921
11	26	24	1180.5709306691
11	27	25	1193.0859865677
11	28	26	1201.7896848908
11	29	27	1208.6503893258
11	30	28	1217.7031429056
11	31	29	1225.1645302586
11	36	30	1230.9506897591
11	125	31	1236.9718325138
11	126	32	1242.9842474759
11	127	33	1249.0057563158
11	128	34	1254.4614700861
11	134	35	1259.3175372873
11	223	36	1267.1565154446
11	224	37	1271.8195041744
11	225	38	1276.4769193055
11	227	39	1281.1369049642
11	232	40	1285.5906089833
11	481	41	1289.6361446921
11	482	42	1293.6767568374
11	483	43	1297.5320711052
11	484	44	1301.2373511381
11	490	45	1304.9474901697
11	583	46	1308.5140172793
11	584	47	1311.6175025916
11	585	48	1314.7241482213
11	587	49	1317.8264833996
11	592	50	1320.9362616325
11	685	51	1323.3117558639
11	686	52	1325.612698785
11	687	53	1327.9144924013
11	688	54	1329.9760607118
11	694	55	1331.250041482
11	783	56	1332.5208547115
11	784	57	1333.8744388148
11	785	58	1335.1969886487
11	787	59	1336.3117876146
11	910	60	1337.1314809648
11	999	61	1337.9526343532
11	1000	62	1338.8627092307
11	1001	63	1339.9167228034
11	1002	64	1340.970139402
11	1008	65	1342.0234315218
11	1097	66	1343.2183099072
11	1098	67	1344.4448715467
11	1099	68	1342.4062313065
11	1101	69	1343.6310136309
11	1135	70	1344.8564028619
11	1224	71	1346.08133181
11	1225	72	1347.3049161872
11	1226	73	1348.5298061892
11	1227	74	1349.7529862951
11	1233	75	1350.9784225784
11	1322	76	1352.2001746735
11	1323	77	1353.5978523316
11	1324	78	1355.2307984373
11	1326	79	1356.8638844239
11	1391	80	1358.4978511902
11	1480	81	1360.1329130707
11	1481	82	1361.7666227594
11	1482	83	1363.3978019021
11	1483	84	1365.0294469241
11	1489	85	1366.663730653
11	1578	86	1368.2968171546
11	1579	87	1370.0842562495
11	1580	88	1371.5858855695
11	1582	89	1372.5521194488
11	1647	90	1372.7806764049
11	1736	91	1368.3224480674
11	1737	92	1357.3342344938
11	1738	93	1343.7877615187
11	1739	94	1329.98763067
11	1745	95	1316.7396507375
11	1834	96	1302.980465007
11	1835	97	1289.2009142144
11	1836	98	1275.4424954997
11	1838	99	1261.6866013231
11	1895	100	1248.0169620318
11	1984	101	1234.3333630823
11	1985	102	1220.6425033817
11	1986	103	1206.9487103214
11	1987	104	1193.2663999274
11	1993	105	1179.4452244136
11	2082	106	1170.0742118461
11	2083	107	1170.814928662
11	2084	108	1170.9763028771
11	2086	109	1171.0522545027
11	2143	110	1171.1281038746
11	2232	111	1171.2039459571
11	2233	112	1171.401357268
11	2234	113	1171.5140594626
11	2235	114	1171.5274035661
11	2241	115	1171.4606602201
11	2330	116	1171.3849093784
11	2331	117	1170.9370161472
11	2332	118	1170.4887371985
11	2334	119	1170.0404227022
11	2361	120	1169.5917220842
11	2450	121	1168.8347342089
11	2451	122	1167.8759442661
11	2452	123	1166.8180595348
11	2453	124	1168.3031877102
11	2459	125	1176.7271283567
11	2548	126	1185.1675811065
11	2549	127	1193.5532958424
11	2550	128	1201.9030043548
11	2552	129	1210.2640934922
11	2579	130	1218.6081967829
11	2668	131	1226.9486087542
11	2669	132	1235.2465337319
11	2670	133	1243.1132275565
11	2671	134	1250.9960882682
11	2677	135	1258.8879428664
11	2766	136	1266.786887696
11	2767	137	1274.6579277208
11	2768	138	1281.9218279514
11	2770	139	1289.0287484033
11	2795	140	1296.9713314893
11	2884	141	1304.8833531495
11	2885	142	1312.5356179597
11	2886	143	1319.8930146433
11	2887	144	1327.2463523857
11	2892	145	1334.5941338921
11	2973	146	1341.7789285947
11	2974	147	1347.642114942
11	2975	148	1354.6658058353
11	2977	149	1361.7880062666
11	3000	150	1368.8990231641
11	3081	151	1376.0118564162
11	3082	152	1383.131826614
11	3083	153	1390.2363415398
11	3084	154	1397.355958946
11	3089	155	1403.2244092375
11	3170	156	1409.9905569218
11	3171	157	1417.0490749236
11	3172	158	1424.13491516
11	3174	159	1431.1985988403
11	3197	160	1438.2642523898
11	3278	161	1445.323703018
11	3279	162	1452.4010938862
11	3280	163	1459.4660574552
11	3281	164	1466.5420578467
11	3286	165	1473.0588847129
11	3367	166	1479.4556459645
11	3368	167	1485.8627383048
11	3369	168	1492.251857385
11	3371	169	1498.6560240835
11	3394	170	1505.0384455882
11	3475	171	1511.4444912374
11	3476	172	1517.854399493
11	3477	173	1524.2450286532
11	3478	174	1530.6349897087
11	3483	175	1537.0432770904
11	3567	176	1543.4404641278
11	3568	177	1549.8296613982
11	3569	178	1556.2354184808
11	3571	179	1562.6257830868
11	3594	180	1569.0330853453
11	3679	181	1575.4367479077
11	3680	182	1581.851298565
11	3681	183	1588.781468126
11	3682	184	1596.6571599655
11	3687	185	1605.8440365065
11	3771	186	1615.2468189998
11	3772	187	1624.6590578295
11	3773	188	1634.0470082955
11	3775	189	1632.8038576329
11	3798	190	1623.7564748954
11	3883	191	1614.9480385846
11	3884	192	1606.1752905389
11	3885	193	1597.396616553
11	3886	194	1588.6025124425
11	3891	195	1579.7923975708
11	3976	196	1570.6726991981
11	3977	197	1561.2802499169
11	3978	198	1551.8807337452
11	3980	199	1542.8192694588
11	3985	200	1535.3820022978
11	4058	201	1529.3512645299
11	4059	202	1523.3231103402
11	4060	203	1517.6423528697
11	4061	204	1512.9788558744
11	4066	205	1508.3066099323
11	4139	206	1503.6297563808
10	19	17	495.93956480687
10	20	18	494.884120401
10	21	19	493.23415089899
10	22	20	490.95817401435
10	23	21	488.06679457135
10	24	22	484.57027795096
10	25	23	480.43392272573
10	26	24	475.89836779551
10	27	25	471.58844232035
10	28	26	468.59106928145
10	29	27	466.33067456493
10	30	28	465.03705286572
10	31	29	472.70667403808
10	36	30	484.60102999804
10	125	31	497.16131841985
10	126	32	509.70340039837
10	127	33	522.2644524849
10	128	34	535.06337204704
10	134	35	548.12189224362
10	223	36	559.88994923909
10	224	37	573.04532283242
10	225	38	586.18497201183
10	227	39	599.33187324333
10	232	40	612.55398516613
10	481	41	625.90713239007
10	482	42	639.24402834836
10	483	43	652.64817863842
10	484	44	666.09219469363
10	490	45	679.5538408485
10	583	46	693.02454137604
10	584	47	706.62197590515
10	585	48	720.2332568689
10	587	49	733.82565226394
10	592	50	747.45065823849
10	685	51	761.19849988329
10	686	52	774.93624291685
10	687	53	788.67906501715
10	688	54	802.4556407847
10	694	55	816.37894766615
10	783	56	830.26763657772
10	784	57	844.14775164844
10	785	58	858.02898911003
10	787	59	871.94384474249
10	910	60	885.85813936952
10	999	61	899.79721814464
10	1000	62	913.68819857086
10	1001	63	927.60229308368
10	1002	64	941.50850691379
10	1008	65	955.41307749483
10	1097	66	969.34226559498
10	1098	67	983.24505981128
10	1099	68	997.66566040239
10	1101	69	1011.5435959368
10	1135	70	1025.4284083091
10	1224	71	1039.3080052292
10	1225	72	1053.172366902
10	1226	73	1067.0515225312
10	1227	74	1080.9113034329
10	1233	75	1094.7966489452
10	1322	76	1108.640249131
10	1323	77	1122.3978482228
10	1324	78	1136.2354953679
10	1326	79	1150.074327875
10	1391	80	1163.9206241322
10	1480	81	1177.7762004377
10	1481	82	1191.620318217
10	1482	83	1205.4429920451
10	1483	84	1219.2696137644
10	1489	85	1233.1185959792
10	1578	86	1246.957432845
10	1579	87	1260.7821153342
10	1580	88	1272.112591109
10	1582	89	1279.4032649305
10	1647	90	1287.6079052546
10	1736	91	1296.2539419623
10	1737	92	1300.5727327332
10	1738	93	1302.4299761718
10	1739	94	1304.3798169721
10	1745	95	1309.7625807159
10	1834	96	1311.8856166282
10	1835	97	1314.0117948598
10	1836	98	1316.1347124219
10	1838	99	1318.4537268693
10	1895	100	1320.9709149972
10	1984	101	1323.3682257932
10	1985	102	1325.6613093027
10	1986	103	1327.9300195172
10	1987	104	1330.1968273484
10	1993	105	1331.5877227181
10	2082	106	1337.7737147799
10	2083	107	1351.6845393751
10	2084	108	1365.6490096258
10	2086	109	1379.6003738921
10	2143	110	1393.5329554004
10	2232	111	1407.4641979539
10	2233	112	1421.3912511711
10	2234	113	1435.3155264138
10	2235	114	1449.2419641763
10	2241	115	1463.1758218267
10	2330	116	1477.1181009454
10	2331	117	1491.0284516491
10	2332	118	1504.9507817266
10	2334	119	1518.8742157721
10	2361	120	1532.8096417539
10	2450	121	1546.7141908654
10	2451	122	1560.6309043164
10	2452	123	1574.51055543
10	2453	124	1584.761638022
10	2459	125	1586.0697122385
10	2548	126	1587.2613055679
10	2549	127	1588.7823473664
10	2550	128	1590.4547606157
10	2552	129	1592.1294533585
10	2579	130	1593.8007439041
10	2668	131	1595.4712950932
10	2669	132	1597.3272183094
10	2670	133	1600.5649179616
10	2671	134	1603.8092714286
10	2677	135	1607.0573265144
10	2766	136	1610.3082997312
10	2767	137	1613.5477881513
10	2768	138	1616.5373957009
10	2770	139	1619.4147507711
10	2795	140	1622.5407285497
10	2884	141	1625.7357923619
10	2885	142	1629.5353418274
10	2886	143	1633.79366089
10	2887	144	1638.0496307154
10	2892	145	1642.3023846993
10	2973	146	1646.7583648678
10	2974	147	1650.579610846
10	2975	148	1655.1654964677
10	2977	149	1659.8373604192
10	3000	150	1664.5018884422
10	3081	151	1669.1676079175
10	3082	152	1673.8380089293
10	3083	153	1678.4982719327
10	3084	154	1683.1684415276
10	3089	155	1687.0178981151
10	3170	156	1691.4952020675
10	3171	157	1696.2443839322
10	3172	158	1701.0044102642
10	3174	159	1705.7495525754
10	3197	160	1710.4960181777
10	3278	161	1715.2383168689
10	3279	162	1719.9930670381
10	3280	163	1724.7402757602
10	3281	164	1729.494900529
10	3286	165	1734.9580352633
10	3367	166	1740.5676119266
10	3368	167	1746.1862483358
10	3369	168	1751.7891232721
10	3371	169	1757.406605634
10	3394	170	1763.0059619135
10	3475	171	1768.62604387
10	3476	172	1774.2495145259
10	3477	173	1779.8560714563
10	3478	174	1785.4620422525
10	3483	175	1791.086099658
10	3567	176	1796.700572046
10	3568	177	1802.3080322387
10	3569	178	1807.9300261011
10	3571	179	1813.5385044907
10	3594	180	1819.1618316997
10	3679	181	1824.7819645524
10	3680	182	1830.4061333959
10	3681	183	1837.2194409568
10	3682	184	1845.8169738657
10	3687	185	1855.8445682597
10	3771	186	1866.1078267903
10	3772	187	1876.3814070326
10	3773	188	1886.6879002168
10	3775	189	1898.7208730569
10	3798	190	1909.3190130426
10	3883	191	1920.1158622152
10	3884	192	1930.9336703919
10	3885	193	1941.7575171161
10	3886	194	1952.6003887311
10	3891	195	1963.3926251926
10	3976	196	1973.8994846233
10	3977	197	1984.2109123872
10	3978	198	1994.5300984816
10	3980	199	2002.0685824482
10	3985	200	1997.0591415893
10	4058	201	1991.0658812178
10	4059	202	1985.0751883703
10	4060	203	1978.8013808987
10	4061	204	1971.6995326087
10	4066	205	1964.5843609078
10	4139	206	1957.462172465

