version 2
run General-0-20241016-09:48:27-54609
attr configname General
attr datetime 20241016-09:48:27
attr experiment General
attr inifile omnetpp.ini
attr iterationvars "$size=2, $k=1, $m=0"
attr iterationvarsf size=2,k=1,m=0-
attr measurement "$size=2, $k=1, $m=0"
attr network AvswuScenario
attr processid 54609
attr repetition 0
attr replication #0
attr resultdir results
attr runnumber 0
attr seedset 0
itervar k 1
itervar m 0
itervar size 2
param **.softwareUpdateSizeMB 2
param **.erasureCodeK 1
param **.erasureCodeM 0
param *.man[*].appl.softwareUpdateSizeMB softwareUpdateSizeMB
param *.rsu[*].appl.softwareUpdateSizeMB softwareUpdateSizeMB
param *.delivery[*].appl.softwareUpdateSizeMB softwareUpdateSizeMB
param *.node[*].appl.softwareUpdateSizeMB softwareUpdateSizeMB
param *.man[*].appl.erasureCodeK erasureCodeK
param *.man[*].appl.erasureCodeM erasureCodeM
param *.playgroundSizeX 4000m
param *.playgroundSizeY 4000m
param *.playgroundSizeZ 50m
param *.annotations.draw true
param *.obstacles.obstacles "xmldoc(\"config.xml\", \"//AnalogueModel[@type='SimpleObstacleShadowing']/obstacles\")"
param *.manager.updateInterval 1s
param *.manager.host "\"localhost\""
param *.manager.port 9999
param *.manager.autoShutdown true
param *.manager.launchConfig "xmldoc(\"erlangen.launchd.xml\")"
param *.manager.trafficLightModuleType "\"org.car2x.veins.nodes.TrafficLight\""
param *.manager.moduleType "\"deliveryType=org.car2x.veins.nodes.Car *=org.car2x.veins.nodes.Car\""
param *.manager.moduleName "\"deliveryType=delivery *=node\""
param *.tls[*].mobility.x 0
param *.tls[*].mobility.y 0
param *.tls[*].mobility.z 3
param *.tls[*].applType "\"org.car2x.veins.modules.application.traci.TraCIDemoTrafficLightApp\""
param *.tls[*].logicType "\"org.car2x.veins.modules.world.traci.trafficLight.logics.TraCITrafficLightSimpleLogic\""
param *.man[0].mobility.x 3000
param *.man[0].mobility.y 1200
param *.man[0].mobility.z 3
param *.man[*].applType "\"avswu.veins_avswu.AvswuManufacturer11p\""
param *.man[*].appl.headerLength "80 bit"
param *.man[*].appl.sendBeacons false
param *.man[*].appl.dataOnSch false
param *.man[*].appl.beaconInterval 1s
param *.man[*].appl.beaconUserPriority 7
param *.man[*].appl.dataUserPriority 5
param *.man[*].nic.phy80211p.antennaOffsetZ "0 m"
param *.rsu[0].mobility.x 1700
param *.rsu[0].mobility.y 1800
param *.rsu[0].mobility.z 3
param *.rsu[1].mobility.x 700
param *.rsu[1].mobility.y 1000
param *.rsu[1].mobility.z 3
param *.rsu[2].mobility.x 1800
param *.rsu[2].mobility.y 800
param *.rsu[2].mobility.z 3
param *.rsu[3].mobility.x 500
param *.rsu[3].mobility.y 600
param *.rsu[3].mobility.z 3
param *.rsu[*].applType "\"avswu.veins_avswu.AvswuRSU11p\""
param *.rsu[*].appl.headerLength "80 bit"
param *.rsu[*].appl.sendBeacons false
param *.rsu[*].appl.dataOnSch false
param *.rsu[*].appl.beaconInterval 1s
param *.rsu[*].appl.beaconUserPriority 7
param *.rsu[*].appl.dataUserPriority 5
param *.rsu[*].nic.phy80211p.antennaOffsetZ "0 m"
param *.connectionManager.sendDirect true
param *.connectionManager.maxInterfDist 2600m
param *.connectionManager.drawMaxIntfDist false
param *.**.nic.mac1609_4.useServiceChannel false
param *.**.nic.mac1609_4.txPower 20mW
param *.**.nic.mac1609_4.bitrate 6Mbps
param *.**.nic.phy80211p.minPowerLevel -110dBm
param *.**.nic.phy80211p.useNoiseFloor true
param *.**.nic.phy80211p.noiseFloor -98dBm
param *.**.nic.phy80211p.decider "xmldoc(\"config.xml\")"
param *.**.nic.phy80211p.analogueModels "xmldoc(\"config.xml\")"
param *.**.nic.phy80211p.usePropagationDelay true
param *.**.nic.phy80211p.antenna "xmldoc(\"antenna.xml\", \"/root/Antenna[@id='monopole']\")"
param *.node[*].nic.phy80211p.antennaOffsetY "0 m"
param *.node[*].nic.phy80211p.antennaOffsetZ "1.895 m"
param *.delivery[*].applType "\"avswu.veins_avswu.AvswuDeliveryAV11p\""
param *.delivery[*].appl.headerLength "80 bit"
param *.delivery[*].appl.sendBeacons false
param *.delivery[*].appl.dataOnSch false
param *.delivery[*].appl.beaconInterval 1s
param *.delivery[*].veinsmobility.x 0
param *.delivery[*].veinsmobility.y 0
param *.delivery[*].veinsmobility.z 0
param *.delivery[*].veinsmobility.setHostSpeed false
param *.node[*].applType "\"avswu.veins_avswu.AvswuClientAV11p\""
param *.node[*].appl.headerLength "80 bit"
param *.node[*].appl.sendBeacons false
param *.node[*].appl.dataOnSch false
param *.node[*].appl.beaconInterval 1s
param *.node[*].veinsmobility.x 0
param *.node[*].veinsmobility.y 0
param *.node[*].veinsmobility.z 0
param *.node[*].veinsmobility.setHostSpeed false

vector 0 AvswuScenario.delivery[0].veinsmobility posx ETV
vector 1 AvswuScenario.delivery[0].veinsmobility posy ETV
vector 2 AvswuScenario.delivery[0].veinsmobility speed ETV
vector 3 AvswuScenario.delivery[0].veinsmobility acceleration ETV
vector 4 AvswuScenario.delivery[0].veinsmobility co2emission ETV
vector 5 AvswuScenario.delivery[1].veinsmobility posx ETV
vector 6 AvswuScenario.delivery[1].veinsmobility posy ETV
vector 7 AvswuScenario.delivery[1].veinsmobility speed ETV
vector 8 AvswuScenario.delivery[1].veinsmobility acceleration ETV
vector 9 AvswuScenario.delivery[1].veinsmobility co2emission ETV
vector 10 AvswuScenario.node[2].veinsmobility posx ETV
vector 11 AvswuScenario.node[2].veinsmobility posy ETV
vector 12 AvswuScenario.node[2].veinsmobility speed ETV
vector 13 AvswuScenario.node[2].veinsmobility acceleration ETV
vector 14 AvswuScenario.node[2].veinsmobility co2emission ETV
4	9	7	4.3946844027024
4	10	8	5.614289894367
4	11	9	6.1221580277929
4	12	10	6.5409263347127
4	13	11	7.8182918753039
4	14	12	3.6287778785976
4	15	13	2.2445568718115
4	16	14	1.8457159890147
4	17	15	1.8046093463031
4	18	16	2.3270868347592
4	19	17	2.1610263687462
4	20	18	1.8644139587222
4	21	19	0.973
4	22	20	0.973
4	23	21	0.973
4	24	22	6.1328918837546
4	25	23	6.6362243933582
4	26	24	8.3476592724775
4	27	25	5.2789072586419
4	28	26	2.0600246646595
4	29	27	2.4045883169438
4	30	28	1.6999084064457
4	31	29	2.0497767919715
4	36	30	1.6456319528903
4	125	31	0.973
4	126	32	0.973
4	127	33	6.165620713395
4	128	34	6.6390776295434
4	134	35	8.0036106527762
4	223	36	5.4413671171244
4	224	37	1.8824012878207
4	225	38	2.0756581414184
4	227	39	2.1897585204958
4	232	40	2.1621074053374
4	429	41	1.6340313892984
4	430	42	2.3848404834698
4	431	43	2.0463490727643
4	432	44	1.8759842265248
4	438	45	0.973
4	531	46	0.973
4	532	47	0.973
4	533	48	6.2189846575438
4	535	49	8.0307466375861
4	540	50	8.246808709844
4	632	51	2.5390579158083
4	633	52	2.1598135318066
4	634	53	2.0762765226574
4	635	54	2.2079050475675
4	641	55	0.973
4	730	56	0.973
4	731	57	1.9981722400552
4	732	58	6.8392136607785
4	734	59	7.4388240561165
4	886	60	8.0216985543712
4	975	61	2.8962436670766
4	976	62	2.0513048854045
4	977	63	1.9158218527888
4	978	64	1.83042083616
4	984	65	2.0159857006497
4	1073	66	2.1752616037076
4	1074	67	2.0323361898862
4	1075	68	2.068489806434
4	1077	69	1.8655869006752
4	1111	70	2.1377719002331
4	1200	71	2.0953463695526
4	1201	72	2.02808686914
4	1202	73	2.1762345821499
4	1203	74	1.6695133606323
4	1209	75	2.0723623974584
4	1298	76	2.1242211378446
4	1299	77	2.0036055024517
4	1300	78	1.9684038255404
4	1302	79	1.9923175301724
4	1367	80	2.3392716703004
4	1456	81	1.8125801847432
4	1457	82	2.135958490657
4	1458	83	2.1357823518096
4	1459	84	1.9169375923287
4	1465	85	1.9428171306042
4	1554	86	2.2400232244246
4	1555	87	1.8287137048204
4	1556	88	2.2041164533581
4	1558	89	1.7866280086376
4	1623	90	2.1929573955594
4	1712	91	1.8300151047099
4	1713	92	2.3332350137992
4	1714	93	1.9708180535351
4	1715	94	1.8866578415836
4	1721	95	2.0553168623154
4	1810	96	1.9301379304629
4	1811	97	2.1746109408982
4	1812	98	1.8741312461304
4	1814	99	2.2159646612241
4	1871	100	1.8380399031847
4	1960	101	2.0091578298045
4	1961	102	2.1573507720219
4	1962	103	2.1022370106513
4	1963	104	2.1706189132651
4	1969	105	1.8556074129551
4	2058	106	2.1430985127485
4	2059	107	2.0582182023879
4	2060	108	1.7869807069178
4	2062	109	2.04915725893
4	2119	110	2.2385801364622
4	2208	111	1.9064774972122
4	2209	112	1.8740858135151
4	2210	113	2.4117336945508
4	2211	114	2.0663451097858
4	2217	115	2.049781270302
4	2306	116	1.9034514293548
4	2307	117	0.973
4	2308	118	0.973
4	2310	119	6.4064115053323
4	2337	120	6.6074854131246
4	2426	121	8.129140092691
4	2427	122	5.8929866534247
4	2428	123	2.2824644075291
4	2429	124	1.7462516698454
4	2435	125	2.3774580864166
4	2524	126	1.791712422068
4	2525	127	2.0271004826608
4	2526	128	1.9296117203589
4	2528	129	2.2215241806738
4	2555	130	1.8795344719433
4	2644	131	2.3242045936435
4	2645	132	1.8770295597461
4	2646	133	1.9667136050304
4	2647	134	1.9886501447935
4	2653	135	2.1111000925511
4	2742	136	2.035042911156
4	2743	137	2.1412915744045
4	2744	138	2.0490080975844
4	2746	139	2.009469520265
4	2771	140	2.1935924069864
4	2860	141	1.8919502881142
4	2861	142	2.1738039948372
3	9	7	2.0351562025188
3	10	8	2.0728239309206
3	11	9	1.8459985194961
3	12	10	1.6806377231912
3	13	11	1.7988098975806
3	14	12	0.47554054130074
3	15	13	0.061173239194323
3	16	14	-0.055620486089028
3	17	15	-0.066165983418468
3	18	16	0.086919081138912
3	19	17	0.036356590145733
3	20	18	-0.050238356150221
3	21	19	-0.3366897756985
3	22	20	-4.3890787578094
3	23	21	-2.3502120689484
3	24	22	2.0942046986939
3	25	23	1.8712009013072
3	26	24	2.0642691432289
3	27	25	0.97305819752622
3	28	26	0.0099293734529056
3	29	27	0.10875052232994
3	30	28	-0.097961974120699
3	31	29	0.0063377623725671
3	36	30	-0.11182939996684
3	125	31	-4.3502378314368
3	126	32	-2.37
3	127	33	2.0650000655768
3	128	34	1.8438750253338
3	134	35	1.9489080988336
3	223	36	1.0146658204011
3	224	37	-0.043543361076154
3	225	38	0.013732459761668
3	227	39	0.04620933441678
3	232	40	0.036772125067655
3	429	41	-0.11725672942353
3	430	42	0.10334628686542
3	431	43	0.0027855999791075
3	432	44	-0.046517626119313
3	438	45	-0.8194364394483
3	531	46	-4.4627199294861
3	532	47	-0.95
3	533	48	1.9582996449945
3	535	49	2.1727836760785
3	540	50	1.8860695195966
3	632	51	0.15346569670863
3	633	52	0.038751911050641
3	634	53	0.013415999093558
3	635	54	0.050900899672415
3	641	55	-1.9363868274581
3	730	56	-4.4741079765139
3	731	57	0.24805314716417
3	732	58	2.1480671779462
3	734	59	1.9499597580498
3	886	60	1.816574087122
3	975	61	0.2549108687667
3	976	62	0.0040675623202695
3	977	63	-0.035144098699094
3	978	64	-0.05900194413727
3	984	65	-0.0034775557182734
3	1073	66	0.042672922664787
3	1074	67	0.00010463644983361
3	1075	68	0.01054309308296
3	1077	69	-0.048534659761936
3	1111	70	0.031709716990591
3	1200	71	0.018482652225066
3	1201	72	-0.0014854711573573
3	1202	73	0.04122404525755
3	1203	74	-0.10670664885547
3	1209	75	0.013322002415078
3	1298	76	0.027907304991968
3	1299	77	-0.0078152918163692
3	1300	78	-0.017797183278017
3	1302	79	-0.010348742359783
3	1367	80	0.090018455502577
3	1456	81	-0.064718850809149
3	1457	82	0.03075092191575
3	1458	83	0.029730572446715
3	1459	84	-0.03431722529931
3	1465	85	-0.025873639576602
3	1554	86	0.06067714736564
3	1555	87	-0.059932739995419
3	1556	88	0.050337936908472
3	1558	89	-0.071942997614386
3	1623	90	0.047835714872926
3	1712	91	-0.058696240165737
3	1713	92	0.088506520290393
3	1714	93	-0.018630255288443
3	1715	94	-0.042508303395008
3	1721	95	0.00758757484844
3	1810	96	-0.028929573693313
3	1811	97	0.0427063500206
3	1812	98	-0.045590438658838
3	1814	99	0.054714835963678
3	1871	100	-0.056336795690004
3	1960	101	-0.0050264153280288
3	1961	102	0.038033755284269
3	1962	103	0.020927475751376
3	1963	104	0.039961793124677
3	1969	105	-0.052196708011907
3	2058	106	0.032435286929831
3	2059	107	0.0069776578154421
3	2060	108	-0.07183601361001
3	2062	109	0.0063008051947691
3	2119	110	0.060753662195058
3	2208	111	-0.036968711595982
3	2209	112	-0.045396521615331
3	2210	113	0.11113423304167
3	2211	114	0.0083886327454827
3	2217	115	0.0033733089989987
3	2306	116	-0.038936502377037
3	2307	117	-3.6139046975153
3	2308	118	-3.79
3	2310	119	2.2629420279921
3	2337	120	1.8872128227609
3	2426	121	2.0258466370404
3	2427	122	1.1553673763268
3	2428	123	0.073703536610118
3	2429	124	-0.083667559397872
3	2435	125	0.10127966924105
3	2524	126	-0.070841975978109
3	2525	127	-0.00058075143955705
3	2526	128	-0.028858182567637
3	2528	129	0.05648817504756
3	2555	130	-0.04416898837313
3	2644	131	0.085556348168756
3	2645	132	-0.045990334476809
3	2646	133	-0.018726816391574
3	2647	134	-0.011833023440557
3	2653	135	0.023959397126454
3	2742	136	0.0012504293979152
3	2743	137	0.031875068957451
3	2744	138	0.0043007852463059
3	2746	139	-0.0072370024654091
3	2771	140	0.045975750787184
3	2860	141	-0.042291724409441
3	2861	142	0.040179645393509
2	8	6	4.0239826316459
2	9	7	6.0591388341648
2	10	8	8.1319627650853
2	11	9	9.9779612845814
2	12	10	11.658599007773
2	13	11	13.457408905353
2	14	12	13.932949446654
2	15	13	13.994122685848
2	16	14	13.938502199759
2	17	15	13.872336216341
2	18	16	13.95925529748
2	19	17	13.995611887625
2	20	18	13.945373531475
2	21	19	13.608683755777
2	22	20	9.2196049979673
2	23	21	6.869392929019
2	24	22	8.9635976277129
2	25	23	10.83479852902
2	26	24	12.899067672249
2	27	25	13.872125869775
2	28	26	13.882055243228
2	29	27	13.990805765558
2	30	28	13.892843791437
2	31	29	13.89918155381
2	36	30	13.787352153843
2	125	31	9.4371143224063
2	126	32	7.0671143224063
2	127	33	9.132114387983
2	128	34	10.975989413317
2	134	35	12.92489751215
2	223	36	13.939563332552
2	224	37	13.896019971475
2	225	38	13.909752431237
2	227	39	13.955961765654
2	232	40	13.992733890722
2	429	41	13.875477161298
2	430	42	13.978823448163
2	431	43	13.981609048143
2	432	44	13.935091422023
2	438	45	13.115654982575
2	531	46	8.6529350530888
2	532	47	7.7029350530888
2	533	48	9.6612346980834
2	535	49	11.834018374162
2	540	50	13.720087893759
2	632	51	13.873553590467
2	633	52	13.912305501518
2	634	53	13.925721500611
2	635	54	13.976622400284
2	641	55	12.040235572826
2	730	56	7.5661275963118
2	731	57	7.8141807434759
2	732	58	9.9622479214221
2	734	59	11.912207679472
2	886	60	13.728781766594
2	975	61	13.983692635361
2	976	62	13.987760197681
2	977	63	13.952616098982
2	978	64	13.893614154845
2	984	65	13.890136599126
2	1073	66	13.932809521791
2	1074	67	13.932914158241
2	1075	68	13.943457251324
2	1077	69	13.894922591562
2	1111	70	13.926632308553
2	1200	71	13.945114960778
2	1201	72	13.94362948962
2	1202	73	13.984853534878
2	1203	74	13.878146886022
2	1209	75	13.891468888437
2	1298	76	13.919376193429
2	1299	77	13.911560901613
2	1300	78	13.893763718335
2	1302	79	13.883414975975
2	1367	80	13.973433431478
2	1456	81	13.908714580669
2	1457	82	13.939465502584
2	1458	83	13.969196075031
2	1459	84	13.934878849732
2	1465	85	13.909005210155
2	1554	86	13.969682357521
2	1555	87	13.909749617525
2	1556	88	13.960087554434
2	1558	89	13.888144556819
2	1623	90	13.935980271692
2	1712	91	13.877284031527
2	1713	92	13.965790551817
2	1714	93	13.947160296529
2	1715	94	13.904651993134
2	1721	95	13.912239567982
2	1810	96	13.883309994289
2	1811	97	13.926016344309
2	1812	98	13.88042590565
2	1814	99	13.935140741614
2	1871	100	13.878803945924
2	1960	101	13.873777530596
2	1961	102	13.91181128588
2	1962	103	13.932738761632
2	1963	104	13.972700554756
2	1969	105	13.920503846745
2	2058	106	13.952939133674
2	2059	107	13.95991679149
2	2060	108	13.88808077788
2	2062	109	13.894381583075
2	2119	110	13.95513524527
2	2208	111	13.918166533674
2	2209	112	13.872770012058
2	2210	113	13.9839042451
2	2211	114	13.992292877845
2	2217	115	13.995666186844
2	2306	116	13.956729684467
2	2307	117	10.342824986952
2	2308	118	6.5528249869521
2	2310	119	8.8157670149442
2	2337	120	10.702979837705
2	2426	121	12.728826474745
2	2427	122	13.884193851072
2	2428	123	13.957897387682
2	2429	124	13.874229828285
2	2435	125	13.975509497526
2	2524	126	13.904667521548
2	2525	127	13.904086770108
2	2526	128	13.87522858754
2	2528	129	13.931716762588
2	2555	130	13.887547774215
2	2644	131	13.973104122384
2	2645	132	13.927113787907
2	2646	133	13.908386971515
2	2647	134	13.896553948075
2	2653	135	13.920513345201
2	2742	136	13.921763774599
2	2743	137	13.953638843556
2	2744	138	13.957939628803
2	2746	139	13.950702626337
2	2771	140	13.996678377124
2	2860	141	13.954386652715
2	2861	142	13.994566298109
1	7	5	1335.5871773995
1	8	6	1336.8986518253
1	9	7	1339.0728009148
1	10	8	1342.1083697053
1	11	9	1345.9264548048
1	12	10	1350.5305825099
1	13	11	1355.8427960938
1	14	12	1361.7010410344
1	15	13	1367.5748025468
1	16	14	1373.4429092314
1	17	15	1379.3123891531
1	18	16	1385.1793464934
1	19	17	1385.0828867052
1	20	18	1372.4530987116
1	21	19	1359.7713106181
1	22	20	1349.5436174534
1	23	21	1342.9925435726
1	24	22	1338.0028193602
1	25	23	1331.0211566463
1	26	24	1320.2658051597
1	27	25	1307.9523180006
1	28	26	1295.4674017131
1	29	27	1282.9836975681
1	30	28	1270.5035033533
1	31	29	1258.03379492
1	36	30	1245.5680013513
1	125	31	1235.3579932358
1	126	32	1228.7372143315
1	127	33	1225.4822340654
1	128	34	1229.7427424574
1	134	35	1234.8122712839
1	223	36	1240.5607566889
1	224	37	1246.4171575019
1	225	38	1252.2723666038
1	227	39	1258.1398975998
1	232	40	1266.8074419685
1	429	41	1279.490691348
1	430	42	1292.1757953307
1	431	43	1305.1826532511
1	432	44	1318.7968750633
1	438	45	1325.1763214869
1	531	46	1329.1781592174
1	532	47	1331.8950502472
1	533	48	1330.6050860006
1	535	49	1320.4630518388
1	540	50	1308.2273335252
1	632	51	1295.0291614849
1	633	52	1281.8286133669
1	634	53	1268.6355390567
1	635	54	1255.4212289685
1	641	55	1242.726778429
1	730	56	1233.6453893948
1	731	57	1227.0324960649
1	732	58	1228.3313914733
1	734	59	1233.1572087687
1	886	60	1238.7613498569
1	975	61	1244.792854338
1	976	62	1250.8183377236
1	977	63	1256.5078115063
1	978	64	1261.3781020148
1	984	65	1266.2345130555
1	1073	66	1270.89336015
1	1074	67	1275.5491197864
1	1075	68	1280.2128367117
1	1077	69	1284.7847017236
1	1111	70	1288.8299661716
1	1200	71	1292.8792076092
1	1201	72	1296.8038380975
1	1202	73	1300.5135877198
1	1203	74	1304.2198077142
1	1209	75	1307.9019708969
1	1298	76	1311.0035995329
1	1299	77	1314.0994217824
1	1300	78	1317.2025198461
1	1302	79	1320.3071356658
1	1367	80	1322.8455480225
1	1456	81	1325.1504120398
1	1457	82	1327.4520733207
1	1458	83	1329.7227550913
1	1459	84	1330.9947129451
1	1465	85	1332.2647760855
1	1554	86	1333.5814602068
1	1555	87	1334.9440607205
1	1556	88	1336.145168636
1	1558	89	1336.964456127
1	1623	90	1337.7847280456
1	1712	91	1338.6471750978
1	1713	92	1339.7000372494
1	1714	93	1340.7537773382
1	1715	94	1341.8066264689
1	1721	95	1342.9616554268
1	1810	96	1344.1863452215
1	1811	97	1342.1478706105
1	1812	98	1343.3716107439
1	1814	99	1344.5967006683
1	1871	100	1345.8205628349
1	1960	101	1347.0434777169
1	1961	102	1348.2658175239
1	1962	103	1349.4911403405
1	1963	104	1350.7160893483
1	1969	105	1351.9389789943
1	2058	106	1353.2493725596
1	2059	107	1354.8825569935
1	2060	108	1356.5158245964
1	2062	109	1358.1502058981
1	2119	110	1359.7823023153
1	2208	111	1361.4173554629
1	2209	112	1363.0494185165
1	2210	113	1364.6846510824
1	2211	114	1366.3203484099
1	2217	115	1367.9523176476
1	2306	116	1369.6684843693
1	2307	117	1371.3185897535
1	2308	118	1372.362979793
1	2310	119	1372.7952747503
1	2337	120	1369.9006147115
1	2426	121	1359.5345363412
1	2427	122	1346.0583278639
1	2428	123	1332.2500512199
1	2429	124	1318.9752698038
1	2435	125	1305.1978810914
1	2524	126	1291.3972031437
1	2525	127	1277.6330758287
1	2526	128	1263.8963764496
1	2528	129	1250.2433341946
1	2555	130	1236.5774413487
1	2644	131	1222.8972533094
1	2645	132	1209.2210491821
1	2646	133	1195.5296119647
1	2647	134	1181.75893756
1	2653	135	1170.0376318656
1	2742	136	1170.68921874
1	2743	137	1170.9632620374
1	2744	138	1171.039050499
1	2746	139	1171.1149138073
1	2771	140	1171.1908353176
1	2860	141	1171.3561886922
1	2861	142	1171.5077917585
0	7	5	125.61919732683
0	8	6	128.44250690041
0	9	7	133.12296106422
0	10	8	139.65785816812
0	11	9	147.87733694608
0	12	10	157.78898872458
0	13	11	169.22499019699
0	14	12	181.8364744134
0	15	13	194.48136232037
0	16	14	207.11407665571
0	17	15	219.74974725931
0	18	16	232.37998731388
0	19	17	244.57515972573
0	20	18	250.46249404177
0	21	19	256.17847980082
0	22	20	260.78834617371
0	23	21	263.74107214063
0	24	22	269.46719195845
0	25	23	275.89256725425
0	26	24	281.21160962689
0	27	25	287.3012255769
0	28	26	293.47562153544
0	29	27	299.6479851224
0	30	28	305.81710938935
0	31	29	311.98260772857
0	36	30	318.14796416194
0	125	31	323.19763077283
0	126	32	326.47186305816
0	127	33	332.45212987904
0	128	34	341.65135003999
0	134	35	352.59739391506
0	223	36	365.0094297477
0	224	37	377.65928131272
0	225	38	390.30938049115
0	227	39	402.98610095354
0	232	40	408.07097772812
0	429	41	402.31204443413
0	430	42	396.55226904235
0	431	43	391.72014644579
0	432	44	392.10478722013
0	438	45	403.51283290493
0	531	46	413.40198960272
0	532	47	420.11584532179
0	533	48	428.02595234511
0	535	49	431.85008395149
0	540	50	436.00266943348
0	632	51	440.48330612725
0	633	52	444.96592801879
0	634	53	449.4464949558
0	635	54	453.93427388323
0	641	55	458.24550067016
0	730	56	461.33015862375
0	731	57	463.7369942168
0	732	58	471.66575560567
0	734	59	481.55103806616
0	886	60	493.25099531445
0	975	61	505.84317374928
0	976	62	518.42278173822
0	977	63	531.15268380695
0	978	64	544.22603661323
0	984	65	557.28876648075
0	1073	66	570.43245556089
0	1074	67	583.56743420474
0	1075	68	596.72486220626
0	1077	69	609.89391760842
0	1111	70	623.24616947921
0	1200	71	636.61154824554
0	1201	72	650.00590162922
0	1202	73	663.46613487497
0	1203	74	676.9135614289
0	1209	75	690.34295606788
0	1298	76	703.93225586251
0	1299	77	717.49611588265
0	1300	78	731.09185373911
0	1302	79	744.6942414114
0	1367	80	758.41501339502
0	1456	81	772.17616727669
0	1457	82	785.91819926922
0	1458	83	799.68726941303
0	1459	84	813.58846788993
0	1465	85	827.46895908879
0	1554	86	841.34248147823
0	1555	87	855.22072265949
0	1556	88	869.11548758182
0	1558	89	883.02289275371
0	1623	90	896.94700857054
0	1712	91	910.84291994257
0	1713	92	924.74181447504
0	1714	93	938.6522987138
0	1715	94	952.55102136428
0	1721	95	966.43314606405
0	1810	96	980.31472334731
0	1811	97	994.7381907471
0	1812	98	1008.6043172847
0	1814	99	1022.4857382281
0	1871	100	1036.3532475068
0	1960	101	1050.2100231739
0	1961	102	1064.0602826998
0	1962	103	1077.9443425166
0	1963	104	1091.8241667395
0	1969	105	1105.6806564553
0	2058	106	1119.4448174394
0	2059	107	1133.2844841897
0	2060	108	1147.1248557101
0	2062	109	1160.9746647627
0	2119	110	1174.80511162
0	2208	111	1188.660613915
0	2209	112	1202.4907780415
0	2210	113	1216.3478007411
0	2211	114	1230.2087618478
0	2217	115	1244.0381309733
0	2306	116	1257.8672154993
0	2307	117	1270.0957226856
0	2308	118	1277.9761202578
0	2310	119	1285.8001434013
0	2337	120	1294.9657803
0	2426	121	1300.1515281767
0	2427	122	1302.1186778395
0	2428	123	1304.0306737765
0	2429	124	1309.4176257415
0	2435	125	1311.5434703652
0	2524	126	1313.6729085071
0	2525	127	1315.7967069034
0	2526	128	1318.0442038671
0	2528	129	1320.5613153708
0	2555	130	1322.9860188235
0	2644	131	1325.2877550822
0	2645	132	1327.5535512618
0	2646	133	1329.8218711735
0	2647	134	1331.3951272842
0	2653	135	1335.4392033622
0	2742	136	1349.3236794097
0	2743	137	1363.2535704776
0	2744	138	1377.1749635647
0	2746	139	1391.1101048704
0	2771	140	1405.0559373122
0	2860	141	1418.9816813899
0	2861	142	1432.9200101111
9	13	11	3.924853169192
9	14	12	5.4850766460064
9	15	13	6.9584024604575
9	16	14	7.0733243056348
9	17	15	8.6749653013229
9	18	16	2.1614174463212
9	19	17	2.1126256132781
9	20	18	2.0368507984374
9	21	19	1.9925605656322
9	22	20	2.1044100524937
9	23	21	2.1991923799508
9	24	22	1.8044795234224
9	25	23	1.9003547160209
9	26	24	2.0737584167646
9	27	25	2.1314250225533
9	28	26	1.9291286339741
9	29	27	1.9918882465143
9	30	28	2.036239234214
9	31	29	2.0008553051445
9	36	30	2.0807038532224
9	125	31	1.9138752431216
9	126	32	2.309403068834
9	127	33	1.9229457104632
9	128	34	1.9068258183084
9	134	35	2.2592208150436
9	223	36	1.9608671643216
9	224	37	2.0607713070216
9	225	38	0.973
9	227	39	0.973
9	232	40	0.973
9	429	41	5.9959063824346
9	430	42	7.4224349253393
9	431	43	7.8609036573616
9	432	44	4.4178708271845
9	438	45	1.9153318152387
9	531	46	1.9464904411753
9	532	47	2.1256281775322
9	533	48	2.2324289851592
9	535	49	1.9065926706636
9	540	50	2.0729903282119
9	632	51	2.1067833352962
9	633	52	1.8236977709397
9	634	53	2.094916143284
9	635	54	2.1281560893429
9	641	55	2.0599880811955
9	730	56	1.8288386951817
9	731	57	2.0962042418348
9	732	58	2.0956887330849
9	734	59	1.7955353653623
9	886	60	2.0943888029323
9	975	61	2.3026494167261
9	976	62	0.973
9	977	63	0.973
9	978	64	6.7627986733269
9	984	65	6.2779863233434
9	1073	66	8.0063476992263
9	1074	67	6.206158007704
9	1075	68	1.789300184152
9	1077	69	2.2653930400279
9	1111	70	1.8313071777699
9	1200	71	2.3734246463537
9	1201	72	1.6415722999571
9	1202	73	2.344460153022
9	1203	74	1.7906488674659
9	1209	75	2.3728954527031
9	1298	76	1.6543409010738
9	1299	77	2.0816869303873
9	1300	78	2.0139656584361
9	1302	79	2.259217126649
9	1367	80	1.8927257164435
9	1456	81	2.0195400507203
9	1457	82	1.8837212374309
9	1458	83	2.0803886108341
9	1459	84	2.1296553137741
9	1465	85	2.0955344006504
9	1554	86	2.2353650135482
9	1555	87	1.6652100339465
9	1556	88	2.0979397474814
9	1558	89	2.3402836817731
9	1623	90	1.9275922798369
9	1712	91	2.1083812817834
9	1713	92	1.6495950377029
9	1714	93	2.3227692891624
9	1715	94	2.0611396166649
9	1721	95	1.8400392892335
9	1810	96	2.3012972461067
9	1811	97	1.9232113588839
9	1812	98	2.1147481458021
9	1814	99	1.7184033875154
9	1871	100	2.1676036269525
9	1960	101	2.2450017845501
9	1961	102	1.6926780220416
9	1962	103	2.1705836253739
9	1963	104	1.9406950553275
9	1969	105	1.9864203595704
9	2058	106	2.3693728247133
9	2059	107	1.84209125683
9	2060	108	2.1088642087357
9	2062	109	2.0591828423586
9	2119	110	1.9617940556468
9	2208	111	2.133169723608
9	2209	112	2.0569666740093
9	2210	113	1.8177570188171
9	2211	114	2.1987797434161
9	2217	115	1.9230608488579
9	2306	116	2.2101000585014
9	2307	117	1.7706149278219
9	2308	118	2.3194908371474
9	2310	119	1.8337836608196
9	2337	120	2.0404540389394
9	2426	121	1.9673619818104
9	2427	122	2.0596537653619
9	2428	123	2.1017675861278
9	2429	124	2.0692202504927
9	2435	125	1.8701147474766
9	2524	126	1.9148580298065
9	2525	127	2.2717973229683
9	2526	128	2.0839039440331
9	2528	129	2.0938408144631
9	2555	130	1.7154185350855
9	2644	131	2.2696445937142
9	2645	132	1.9127097033561
9	2646	133	2.0391011563669
9	2647	134	2.1973223745144
9	2653	135	1.9616438627955
9	2742	136	1.8910773459161
9	2743	137	1.9689666671713
9	2744	138	2.0424761293124
9	2746	139	2.1661689933042
9	2771	140	2.1367095818064
9	2860	141	1.9350609823767
9	2861	142	2.2348821822919
9	2862	143	2.0232510078162
9	2863	144	2.0661378207748
9	2868	145	1.8199314903211
9	2949	146	1.8440135090952
9	2950	147	2.3617647269669
9	2951	148	1.7524402403973
9	2953	149	2.0869789882659
9	2976	150	1.8971116060392
9	3057	151	2.1322881434804
9	3058	152	2.1777567355398
9	3059	153	1.8171835891992
9	3060	154	2.3971447652425
9	3065	155	1.8386731316367
9	3146	156	2.1893851936878
9	3147	157	1.9434781683504
9	3148	158	1.8200390766829
9	3150	159	2.3494181165617
9	3173	160	1.994964521267
9	3254	161	1.8855661985778
9	3255	162	1.8861811886609
9	3256	163	2.1975178895372
9	3257	164	2.0669074612977
9	3262	165	2.2211140391783
9	3343	166	1.6192543987927
9	3344	167	2.1103327040856
9	3345	168	2.2051800704967
9	3347	169	2.0758032606871
9	3370	170	2.1539850269916
9	3451	171	1.9267874854645
9	3452	172	1.7305404483538
9	3453	173	2.3237564335591
9	3454	174	1.7185218099747
9	3459	175	2.2110527682555
9	3543	176	1.9837217712463
9	3544	177	1.9904245002578
9	3545	178	2.1013363855734
9	3547	179	2.2055176097965
9	3570	180	1.9866552874771
9	3655	181	1.8330085037158
9	3656	182	1.9834732197368
9	3657	183	2.2261562648194
9	3658	184	2.2304449431016
9	3663	185	1.9808050971173
9	3747	186	1.6659900865709
9	3748	187	2.3403967536874
9	3749	188	2.0276776174804
9	3751	189	1.9340657317694
9	3774	190	1.8419922913742
9	3859	191	2.2149814288408
9	3860	192	1.9335182611631
9	3861	193	1.9965872546444
9	3862	194	2.33372431904
9	3867	195	1.6890649925803
9	3952	196	2.2766119899639
9	3953	197	2.1571093061307
9	3954	198	1.7404758325143
8	13	11	1.7956732204696
8	14	12	2.0765626405575
8	15	13	2.1724535532296
8	16	14	1.8267103394889
8	17	15	1.9878616475708
8	18	16	0.039073463368695
8	19	17	0.023762828365435
8	20	18	0.0011732388962979
8	21	19	-0.011663781704845
8	22	20	0.020982753958087
8	23	21	0.047562608188018
8	24	22	-0.067708294186742
8	25	23	-0.038100023008882
8	26	24	0.013273572551551
8	27	25	0.029519556958695
8	28	26	-0.029871258579661
8	29	27	-0.010824180103372
8	30	28	0.0023481993144365
8	31	29	-0.0079786233045152
8	36	30	0.015390541118103
8	125	31	-0.033458155361004
8	126	32	0.081877902995329
8	127	33	-0.032143502144608
8	128	34	-0.035950137586333
8	134	35	0.066993628682104
8	223	36	-0.021126942641567
8	224	37	0.0083700648206282
8	225	38	-1.0764570982116
8	227	39	-4.4698684945357
8	232	40	-0.95
8	429	41	1.9292664009146
8	430	42	2.0441468363116
8	431	43	1.8447409929219
8	432	44	0.70762020346883
8	438	45	-0.034774578709621
8	531	46	-0.024787544657011
8	532	47	0.027752532321028
8	533	48	0.057558778268286
8	535	49	-0.038000574400648
8	540	50	0.011123153080698
8	632	51	0.020508076485712
8	633	52	-0.061861900596414
8	634	53	0.018364920725581
8	635	54	0.027369384353515
8	641	55	0.0069116705236958
8	730	56	-0.060134990874213
8	731	57	0.018966816016473
8	732	58	0.0182349635032
8	734	59	-0.069249841626734
8	886	60	0.019429097932298
8	975	61	0.078725151435938
8	976	62	-3.6177515779157
8	977	63	-3.7867414574832
8	978	64	2.3851650524465
8	984	65	1.7558462764183
8	1073	66	1.9891913347668
8	1074	67	1.2408792225546
8	1075	68	-0.070955926461611
8	1077	69	0.068921740255318
8	1111	70	-0.05866703622276
8	1200	71	0.09952131062979
8	1201	72	-0.11500108242966
8	1202	73	0.091788084246218
8	1203	74	-0.070947661667597
8	1209	75	0.099176320873667
8	1298	76	-0.11137595352251
8	1299	77	0.015840366729536
8	1300	78	-0.0042478890996431
8	1302	79	0.066637044139206
8	1367	80	-0.04115088614868
8	1456	81	-0.0032541870791469
8	1457	82	-0.042584510610904
8	1458	83	0.015732200033963
8	1459	84	0.029488993377891
8	1465	85	0.018723831030075
8	1554	86	0.058327433804516
8	1555	87	-0.10824658930767
8	1556	88	0.020379709815607
8	1558	89	0.089373562694526
8	1623	90	-0.032049733353778
8	1712	91	0.020989641256165
8	1713	92	-0.11260187980719
8	1714	93	0.085571244012099
8	1715	94	0.0075773906102405
8	1721	95	-0.056613049004227
8	1810	96	0.078141054688022
8	1811	97	-0.033070914919955
8	1812	98	0.023130310683046
8	1814	99	-0.092319908943027
8	1871	100	0.040538956082893
8	1960	101	0.061453521691728
8	1961	102	-0.10005106650991
8	1962	103	0.041335389092566
8	1963	104	-0.026385667801369
8	1969	105	-0.012375736166724
8	2058	106	0.09831065178849
8	2059	107	-0.056583837312647
8	2060	108	0.022148496503942
8	2062	109	0.0071563559654173
8	2119	110	-0.021172895978671
8	2208	111	0.02889171979623
8	2209	112	0.006072434952948
8	2210	113	-0.063308305866084
8	2211	114	0.048667840554844
8	2217	115	-0.032362616104074
8	2306	116	0.051383499214426
8	2307	117	-0.077132433790249
8	2308	118	0.083612148496323
8	2310	119	-0.05892769762082
8	2337	120	0.0025594921479932
8	2426	121	-0.018668165241834
8	2427	122	0.0085902345576336
8	2428	123	0.020489134266972
8	2429	124	0.010476198962424
8	2435	125	-0.047457784591243
8	2524	126	-0.033178401221521
8	2525	127	0.071060547081288
8	2526	128	0.014682399968152
8	2528	129	0.017095621782355
8	2555	130	-0.093066204520873
8	2644	131	0.070107455251271
8	2645	132	-0.035071382864842
8	2646	133	0.0025355940312135
8	2647	134	0.048072308562697
8	2653	135	-0.021327177309431
8	2742	136	-0.041194627652876
8	2743	137	-0.017443687340711
8	2744	138	0.0043853565957388
8	2746	139	0.03999920598697
8	2771	140	0.030239532557315
8	2860	141	-0.028871672523673
8	2861	142	0.058393769450486
8	2862	143	-0.0042406679457052
8	2863	144	0.0082268672017367
8	2868	145	-0.063138334702234
8	2949	146	-0.054526019347831
8	2950	147	0.096657089774963
8	2951	148	-0.082258103950881
8	2953	149	0.017121156428475
8	2976	150	-0.038458565436304
8	3057	151	0.030884451516904
8	3058	152	0.043013620965649
8	3059	153	-0.062659225058741
8	3060	154	0.10661972837755
8	3065	155	-0.057526910288725
8	3146	156	0.04540146834217
8	3147	157	-0.026839782688766
8	3148	158	-0.061953525990248
8	3150	159	0.092764805110637
8	3173	160	-0.012078632358461
8	3254	161	-0.043393663861789
8	3255	162	-0.042061348550488
8	3256	163	0.049314619239887
8	3257	164	0.010101560566108
8	3262	165	0.054135649560486
8	3343	166	-0.12166505079251
8	3344	167	0.024408948298078
8	3345	168	0.050984522211365
8	3347	169	0.012123742550612
8	3370	170	0.034232145296409
8	3451	171	-0.032217368797864
8	3452	172	-0.088411356175785
8	3453	173	0.085831150314771
8	3454	174	-0.091862031805794
8	3459	175	0.053643216616473
8	3543	176	-0.0137005846994
8	3544	177	-0.011365243617909
8	3545	178	0.021074188209603
8	3547	179	0.05041253205156
8	3570	180	-0.014177170901092
8	3655	181	-0.058334222610576
8	3656	182	-0.013026961339637
8	3657	183	0.057508956652601
8	3658	184	0.056823187719564
8	3663	185	-0.016684785147662
8	3747	186	-0.10767911367817
8	3748	187	0.090655260584317
8	3749	188	-0.0021941931499168
8	3751	189	-0.029187647632789
8	3774	190	-0.055152119672858
8	3859	191	0.054489350533112
8	3860	192	-0.028524450019466
8	3861	193	-0.0094237708789304
8	3862	194	0.088011183012277
8	3867	195	-0.1009566232888
8	3952	196	0.072088997352404
8	3953	197	0.035387835875152
8	3954	198	-0.086107302382588
7	12	10	4.0186940901658
7	13	11	5.8143673106354
7	14	12	7.890929951193
7	15	13	10.063383504423
7	16	14	11.890093843911
7	17	15	13.877955491482
7	18	16	13.917028954851
7	19	17	13.940791783216
7	20	18	13.941965022113
7	21	19	13.930301240408
7	22	20	13.951283994366
7	23	21	13.998846602554
7	24	22	13.931138308367
7	25	23	13.893038285358
7	26	24	13.90631185791
7	27	25	13.935831414869
7	28	26	13.905960156289
7	29	27	13.895135976186
7	30	28	13.8974841755
7	31	29	13.889505552195
7	36	30	13.904896093314
7	125	31	13.871437937953
7	126	32	13.953315840948
7	127	33	13.921172338803
7	128	34	13.885222201217
7	134	35	13.952215829899
7	223	36	13.931088887258
7	224	37	13.939458952078
7	225	38	12.863001853867
7	227	39	8.3931333593308
7	232	40	7.4431333593308
7	429	41	9.3723997602455
7	430	42	11.416546596557
7	431	43	13.261287589479
7	432	44	13.968907792948
7	438	45	13.934133214238
7	531	46	13.909345669581
7	532	47	13.937098201902
7	533	48	13.99465698017
7	535	49	13.95665640577
7	540	50	13.96777955885
7	632	51	13.988287635336
7	633	52	13.92642573474
7	634	53	13.944790655465
7	635	54	13.972160039819
7	641	55	13.979071710343
7	730	56	13.918936719468
7	731	57	13.937903535485
7	732	58	13.956138498988
7	734	59	13.886888657361
7	886	60	13.906317755294
7	975	61	13.98504290673
7	976	62	10.367291328814
7	977	63	6.5805498713306
7	978	64	8.9657149237772
7	984	65	10.721561200195
7	1073	66	12.710752534962
7	1074	67	13.951631757517
7	1075	68	13.880675831055
7	1077	69	13.949597571311
7	1111	70	13.890930535088
7	1200	71	13.990451845718
7	1201	72	13.875450763288
7	1202	73	13.967238847534
7	1203	74	13.896291185867
7	1209	75	13.99546750674
7	1298	76	13.884091553218
7	1299	77	13.899931919947
7	1300	78	13.895684030848
7	1302	79	13.962321074987
7	1367	80	13.921170188838
7	1456	81	13.917916001759
7	1457	82	13.875331491148
7	1458	83	13.891063691182
7	1459	84	13.92055268456
7	1465	85	13.93927651559
7	1554	86	13.997603949395
7	1555	87	13.889357360087
7	1556	88	13.909737069902
7	1558	89	13.999110632597
7	1623	90	13.967060899243
7	1712	91	13.988050540499
7	1713	92	13.875448660692
7	1714	93	13.961019904704
7	1715	94	13.968597295315
7	1721	95	13.91198424631
7	1810	96	13.990125300998
7	1811	97	13.957054386078
7	1812	98	13.980184696761
7	1814	99	13.887864787818
7	1871	100	13.928403743901
7	1960	101	13.989857265593
7	1961	102	13.889806199083
7	1962	103	13.931141588176
7	1963	104	13.904755920374
7	1969	105	13.892380184208
7	2058	106	13.990690835996
7	2059	107	13.934106998683
7	2060	108	13.956255495187
7	2062	109	13.963411851153
7	2119	110	13.942238955174
7	2208	111	13.97113067497
7	2209	112	13.977203109923
7	2210	113	13.913894804057
7	2211	114	13.962562644612
7	2217	115	13.930200028508
7	2306	116	13.981583527722
7	2307	117	13.904451093932
7	2308	118	13.988063242428
7	2310	119	13.929135544808
7	2337	120	13.931695036956
7	2426	121	13.913026871714
7	2427	122	13.921617106271
7	2428	123	13.942106240538
7	2429	124	13.952582439501
7	2435	125	13.90512465491
7	2524	126	13.871946253688
7	2525	127	13.943006800769
7	2526	128	13.957689200738
7	2528	129	13.97478482252
7	2555	130	13.881718617999
7	2644	131	13.95182607325
7	2645	132	13.916754690385
7	2646	133	13.919290284417
7	2647	134	13.967362592979
7	2653	135	13.94603541567
7	2742	136	13.904840788017
7	2743	137	13.887397100676
7	2744	138	13.891782457272
7	2746	139	13.931781663259
7	2771	140	13.962021195816
7	2860	141	13.933149523293
7	2861	142	13.991543292743
7	2862	143	13.987302624797
7	2863	144	13.995529491999
7	2868	145	13.932391157297
7	2949	146	13.877865137949
7	2950	147	13.974522227724
7	2951	148	13.892264123773
7	2953	149	13.909385280202
7	2976	150	13.870926714765
7	3057	151	13.901811166282
7	3058	152	13.944824787248
7	3059	153	13.882165562189
7	3060	154	13.988785290567
7	3065	155	13.931258380278
7	3146	156	13.97665984862
7	3147	157	13.949820065931
7	3148	158	13.887866539941
7	3150	159	13.980631345052
7	3173	160	13.968552712693
7	3254	161	13.925159048832
7	3255	162	13.883097700281
7	3256	163	13.932412319521
7	3257	164	13.942513880087
7	3262	165	13.996649529648
7	3343	166	13.874984478855
7	3344	167	13.899393427153
7	3345	168	13.950377949364
7	3347	169	13.962501691915
7	3370	170	13.996733837212
7	3451	171	13.964516468414
7	3452	172	13.876105112238
7	3453	173	13.961936262553
7	3454	174	13.870074230747
7	3459	175	13.923717447363
7	3543	176	13.910016862664
7	3544	177	13.898651619046
7	3545	178	13.919725807256
7	3547	179	13.970138339307
7	3570	180	13.955961168406
7	3655	181	13.897626945795
7	3656	182	13.884599984456
7	3657	183	13.942108941108
7	3658	184	13.998932128828
7	3663	185	13.98224734368
7	3747	186	13.874568230002
7	3748	187	13.965223490587
7	3749	188	13.963029297437
7	3751	189	13.933841649804
7	3774	190	13.878689530131
7	3859	191	13.933178880664
7	3860	192	13.904654430645
7	3861	193	13.895230659766
7	3862	194	13.983241842778
7	3867	195	13.882285219489
7	3952	196	13.954374216842
7	3953	197	13.989762052717
7	3954	198	13.903654750334
6	11	9	1713.5248246519
6	12	10	1710.3535634866
6	13	11	1705.3401222518
6	14	12	1698.3790876614
6	15	13	1689.3206482008
6	16	14	1678.2060376713
6	17	15	1665.1104362356
6	18	16	1651.1589737879
6	19	17	1637.2102177357
6	20	18	1623.993388759
6	21	19	1617.9686703207
6	22	20	1611.951945236
6	23	21	1605.9309274293
6	24	22	1599.9016039772
6	25	23	1593.884926185
6	26	24	1587.8609209778
6	27	25	1582.6291767824
6	28	26	1577.5534329647
6	29	27	1572.4757839376
6	30	28	1567.3910026001
6	31	29	1562.3166073067
6	36	30	1557.2455226667
6	125	31	1552.1605856232
6	126	32	1547.0835724901
6	127	33	1549.9691071501
6	128	34	1562.1401637038
6	134	35	1576.0842556087
6	223	36	1590.0415202845
6	224	37	1603.9796359837
6	225	38	1617.7312404877
6	227	39	1628.1342483787
6	232	40	1635.1173416544
6	429	41	1637.190010936
6	430	42	1633.2850060752
6	431	43	1628.6979015879
6	432	44	1623.571687906
6	438	45	1618.4184348313
6	531	46	1613.3344351808
6	532	47	1601.324607268
6	533	48	1587.3926027594
6	535	49	1573.4382736916
6	540	50	1559.4978199238
6	632	51	1545.5664177071
6	633	52	1531.64461054
6	634	53	1517.7571934676
6	635	54	1503.8411237476
6	641	55	1489.9044095213
6	730	56	1475.9856083663
6	731	57	1462.0435312297
6	732	58	1448.1153515698
6	734	59	1434.1851717765
6	886	60	1420.2648793692
6	975	61	1406.3381223567
6	976	62	1394.086720759
6	977	63	1386.16683851
6	978	64	1378.2512997212
6	984	65	1368.9305674275
6	1073	66	1363.2820462724
6	1074	67	1361.0104471566
6	1075	68	1359.0448914999
6	1077	69	1357.5847607506
6	1111	70	1356.1258129431
6	1200	71	1354.6661668234
6	1201	72	1353.2041738303
6	1202	73	1351.7454331433
6	1203	74	1350.2863524044
6	1209	75	1348.8263855167
6	1298	76	1344.0696485452
6	1299	77	1342.6073970376
6	1300	78	1341.1469669538
6	1302	79	1340.1341861319
6	1367	80	1339.1818251498
6	1456	81	1338.1201843265
6	1457	82	1336.930292272
6	1458	83	1335.7412934965
6	1459	84	1334.5497396654
6	1465	85	1333.3571986118
6	1554	86	1332.165971484
6	1555	87	1330.9769255528
6	1556	88	1329.7870794768
6	1558	89	1328.5978005473
6	1623	90	1327.4071102431
6	1712	91	1326.2166477721
6	1713	92	1325.0272427518
6	1714	93	1323.8352090931
6	1715	94	1322.7192255929
6	1721	95	1321.6084106155
6	1810	96	1320.4971907455
6	1811	97	1319.3801590027
6	1812	98	1318.4253352946
6	1814	99	1317.7026120964
6	1871	100	1316.6988695506
6	1960	101	1315.2036562366
6	1961	102	1313.3217567224
6	1962	103	1311.4378217142
6	1963	104	1309.5555779552
6	1969	105	1310.2684348971
6	2058	106	1307.0909253852
6	2059	107	1303.914885764
6	2060	108	1300.7385134362
6	2062	109	1297.3974911766
6	2119	110	1293.6749622393
6	2208	111	1289.9128945889
6	2209	112	1286.1586585706
6	2210	113	1282.0543893464
6	2211	114	1277.8921010708
6	2217	115	1273.5899032187
6	2306	116	1268.3917035637
6	2307	117	1263.1846504342
6	2308	118	1257.983508938
6	2310	119	1253.0930101704
6	2337	120	1248.2486872161
6	2426	121	1243.3416304747
6	2427	122	1237.6374261649
6	2428	123	1231.936332115
6	2429	124	1226.2375580948
6	2435	125	1220.5328646172
6	2524	126	1216.5418737801
6	2525	127	1227.6335528344
6	2526	128	1240.8305131644
6	2528	129	1254.0328632724
6	2555	130	1267.2118056798
6	2644	131	1280.4113463592
6	2645	132	1293.6102248272
6	2646	133	1306.8057780415
6	2647	134	1319.9943546914
6	2653	135	1333.1865098579
6	2742	136	1346.3663420081
6	2743	137	1359.5759197511
6	2744	138	1372.7724653911
6	2746	139	1385.8874627864
6	2771	140	1398.8986357581
6	2860	141	1411.8873828156
6	2861	142	1424.8724568766
6	2862	143	1437.8560457462
6	2863	144	1450.8477620929
6	2868	145	1463.8611082863
6	2949	146	1476.8803606462
6	2950	147	1489.8980288422
6	2951	148	1502.9177903691
6	2953	149	1515.4004644295
6	2976	150	1527.5303846523
6	3057	151	1539.6409569746
6	3058	152	1551.7610946894
6	3059	153	1563.8860722575
6	3060	154	1576.0083956653
6	3065	155	1588.1195484409
6	3146	156	1600.2666526921
6	3147	157	1612.3922359766
6	3148	158	1624.5154343452
6	3150	159	1636.298743777
6	3173	160	1648.061715438
6	3254	161	1659.8112547826
6	3255	162	1671.5555237588
6	3256	163	1683.3112159651
6	3257	164	1695.0635609748
6	3262	165	1706.8242415637
6	3343	166	1718.577574336
6	3344	167	1731.0086189983
6	3345	168	1743.5022612074
6	3347	169	1755.98798435
6	3370	170	1768.490093247
6	3451	171	1780.9758210629
6	3452	172	1793.4683739487
6	3453	173	1806.2852258869
6	3454	174	1819.4654938448
6	3459	175	1832.6915186308
6	3543	176	1845.904548795
6	3544	177	1859.1576526836
6	3545	178	1872.874788003
6	3547	179	1886.784501222
6	3570	180	1900.6997350501
6	3655	181	1914.63607518
6	3656	182	1928.5656964472
6	3657	183	1942.4953396637
6	3658	184	1956.4385908842
6	3663	185	1970.3474659473
6	3747	186	1984.2516389806
6	3748	187	1998.0754054468
6	3749	188	2012.0172311198
6	3751	189	2025.9548694436
6	3774	190	2033.1025468297
6	3859	191	2033.0627382537
6	3860	192	2033.0229051095
6	3861	193	2032.9831455927
6	3862	194	2032.9433656791
6	3867	195	2032.9036346022
6	3952	196	2032.8638387378
6	3953	197	2032.8240012117
6	3954	198	2032.7842830373
5	11	9	1561.9657133638
5	12	10	1562.0747833455
5	13	11	1562.2472118889
5	14	12	1562.4866244997
5	15	13	1562.7981736829
5	16	14	1562.9342935977
5	17	15	1562.9893705368
5	18	16	1563.0480470207
5	19	17	1563.1067121221
5	20	18	1562.0193155216
5	21	19	1549.4467551906
5	22	20	1536.8908756259
5	23	21	1524.3260378827
5	24	22	1511.7438676722
5	25	23	1499.1880867986
5	26	24	1486.6170148582
5	27	25	1473.7116408914
5	28	26	1460.7460936819
5	29	27	1447.7756797803
5	30	28	1434.787047012
5	31	29	1421.8249444908
5	36	30	1408.871298748
5	125	31	1395.8822682397
5	126	32	1382.9134786754
5	127	33	1369.8896004232
5	128	34	1365.4998589286
5	134	35	1365.5738648472
5	223	36	1365.6479406779
5	224	37	1365.7219148787
5	225	38	1365.7948992028
5	227	39	1365.8501114146
5	232	40	1365.8871730056
5	429	41	1360.0478552016
5	430	42	1350.2325287925
5	431	43	1338.7027280843
5	432	44	1325.8178630677
5	438	45	1312.865033865
5	531	46	1299.8916928325
5	532	47	1296.3384163569
5	533	48	1296.7410312578
5	535	49	1296.9904959684
5	540	50	1297.1731038771
5	632	51	1297.3555932185
5	633	52	1296.6237153966
5	634	53	1295.7314064314
5	635	54	1294.8790676501
5	641	55	1294.3868496992
5	730	56	1294.4686448089
5	731	57	1294.550576702
5	732	58	1294.7812176729
5	734	59	1295.0312533613
5	886	60	1295.281111579
5	975	61	1295.7313706871
5	976	62	1297.0081441406
5	977	63	1297.6570840111
5	978	64	1297.547216496
5	984	65	1294.6169329066
5	1073	66	1284.5402992622
5	1074	67	1271.1399644231
5	1075	68	1257.3627017513
5	1077	69	1243.5091263599
5	1111	70	1229.6667746002
5	1200	71	1215.8177973157
5	1201	72	1201.9465531383
5	1202	73	1188.1061665121
5	1203	74	1174.2625535128
5	1209	75	1160.4105328171
5	1298	76	1146.8171379706
5	1299	77	1132.9515530835
5	1300	78	1119.1032395809
5	1302	79	1105.1852144107
5	1367	80	1091.2966167585
5	1456	81	1077.4160809309
5	1457	82	1063.5441840354
5	1458	83	1049.682701087
5	1459	84	1035.7914310065
5	1465	85	1021.8886517764
5	1554	86	1008.0011904337
5	1555	87	994.13915774133
5	1556	88	980.26779686706
5	1558	89	966.4030478436
5	1623	90	952.52184486447
5	1712	91	938.64329798217
5	1713	92	924.77707897953
5	1714	93	910.88021501701
5	1715	94	896.97981846833
5	1721	95	883.08881546685
5	1810	96	869.19274918386
5	1811	97	855.30172077275
5	1812	98	841.39520441787
5	1814	99	827.48278285144
5	1871	100	813.60003463353
5	1960	101	799.76240871195
5	1961	102	785.97157224361
5	1962	103	772.16581937543
5	1963	104	758.37246023118
5	1969	105	743.99341511249
5	2058	106	730.41331441468
5	2059	107	716.83949576051
5	2060	108	703.26425518084
5	2062	109	689.73780659679
5	2119	110	676.27963929751
5	2208	111	662.82608586911
5	2209	112	649.4005391869
5	2210	113	636.06678355427
5	2211	114	622.745991598
5	2217	115	609.48209808907
5	2306	116	596.54033108032
5	2307	117	583.57652190211
5	2308	118	570.62743069895
5	2310	119	557.56185502291
5	2337	120	544.49320094928
5	2426	121	531.44008121721
5	2427	122	518.69744346989
5	2428	123	505.96175373963
5	2429	124	493.2312467302
5	2435	125	480.50651379989
5	2524	126	467.55673494679
5	2525	127	459.89861944853
5	2526	128	455.40665878926
5	2528	129	450.92384037236
5	2555	130	446.44896996988
5	2644	131	441.96710548562
5	2645	132	437.48320879368
5	2646	133	433.00060027954
5	2647	134	428.52126895881
5	2653	135	424.04368982126
5	2742	136	419.57698963187
5	2743	137	415.10664323939
5	2744	138	410.63110243925
5	2746	139	405.91378911654
5	2771	140	400.8430941127
5	2860	141	395.78113890288
5	2861	142	390.72061512794
5	2862	143	385.6606701595
5	2863	144	380.5975577624
5	2868	145	375.59841933008
5	2949	146	370.64810155623
5	2950	147	365.69838613004
5	2951	148	360.74787475518
5	2953	149	354.56892068405
5	2976	150	347.70856639137
5	3057	151	340.85915474629
5	3058	152	334.00433317467
5	3059	153	327.1467743133
5	3060	154	320.29071657278
5	3065	155	313.44097663951
5	3146	156	306.57090352534
5	3147	157	299.70989016583
5	3148	158	292.84597234277
5	3150	159	285.42644941644
5	3173	160	277.92995770392
5	3254	161	270.4420263496
5	3255	162	262.95745377929
5	3256	163	255.46560123214
5	3257	164	247.97588183975
5	3262	165	240.48085021786
5	3343	166	232.9905013286
5	3344	167	226.74015403027
5	3345	168	220.57892836665
5	3347	169	214.42160798144
5	3370	170	208.25620697998
5	3451	171	202.09888429043
5	3452	172	195.93819582521
5	3453	173	190.49642817047
5	3454	174	185.96730134333
5	3459	175	181.5656672722
5	3543	176	177.23319486261
5	3544	177	172.88758252177
5	3545	178	171.02213367866
5	3547	179	170.10885687731
5	3570	180	169.61582490487
5	3655	181	169.12204511312
5	3656	182	168.62850337802
5	3657	183	168.13496086514
5	3658	184	167.64093620586
5	3663	185	167.14812953142
5	3747	186	166.65548945509
5	3748	187	166.4482792255
5	3749	188	166.28328720573
5	3751	189	166.11834474036
5	3774	190	175.38058257813
5	3859	191	189.32412161969
5	3860	192	203.27626646252
5	3861	193	217.20262175298
5	3862	194	231.1361215146
5	3867	195	245.05251558905
5	3952	196	258.99160228425
5	3953	197	272.94528150302
5	3954	198	286.85715643561
14	21	19	4.0895159373932
14	22	20	5.0116229381608
14	23	21	6.0193584237935
14	24	22	7.2812948693241
14	25	23	8.3547130331184
14	26	24	3.3683542307115
14	27	25	0.973
14	28	26	0.973
14	29	27	3.3714052765021
14	30	28	6.8305146230434
14	31	29	7.437830049109
14	36	30	8.2411695047332
14	125	31	2.0536075646973
14	126	32	2.0790576358193
14	127	33	1.9440429086987
14	128	34	2.1527781651796
14	134	35	1.8447747463198
14	223	36	2.1197657361489
14	224	37	1.7697944603953
14	225	38	2.3977529695022
14	227	39	1.7719774310994
14	232	40	2.3085074926891
14	429	41	1.8915977595576
14	430	42	1.8956335729513
14	431	43	2.2217638172515
14	432	44	2.0690617210491
14	438	45	2.0822360063699
14	531	46	1.8077427238803
14	532	47	2.1075020123163
14	533	48	2.1614100082378
14	535	49	1.9230639725476
14	540	50	2.2058019307776
14	632	51	2.012685721008
14	633	52	1.6334750762975
14	634	53	2.1902459891206
14	635	54	2.1367440561228
14	641	55	2.1372240221896
14	730	56	1.6949594108251
14	731	57	2.3232161046221
14	732	58	1.9699620038407
14	734	59	2.0966971171739
14	886	60	1.9252966388568
14	975	61	2.1722636995231
14	976	62	1.9151134248757
14	977	63	2.009762585296
14	978	64	1.9996988545279
14	984	65	2.2019653346583
14	1073	66	2.0146572804883
14	1074	67	1.9646159062661
14	1075	68	2.0473303000424
14	1077	69	1.8965769771541
14	1111	70	2.0548473252411
14	1200	71	2.0103387643874
14	1201	72	2.2169364436231
14	1202	73	1.9494845098315
14	1203	74	1.8692955145478
14	1209	75	2.3947366323189
14	1298	76	1.6314213783169
14	1299	77	2.2885022183944
14	1300	78	1.8825628853086
14	1302	79	1.9003912577932
14	1367	80	2.2651977607046
14	1456	81	2.1894860911346
14	1457	82	1.7974509427863
14	1458	83	2.2503256936369
14	1459	84	1.8207978118674
14	1465	85	2.2586231336125
14	1554	86	2.030580845069
14	1555	87	1.6791535792276
14	1556	88	0.973
14	1558	89	0.973
14	1623	90	6.3051793590287
14	1712	91	6.7497808651117
14	1713	92	7.5666836188788
14	1714	93	5.8496393269536
14	1715	94	1.7203109379297
14	1721	95	1.9874226304231
14	1810	96	2.0404731836073
14	1811	97	2.1190114194532
14	1812	98	2.0206249910665
14	1814	99	2.3641839600749
14	1871	100	2.0061943197202
14	1960	101	2.0050724741764
14	1961	102	1.8111996335011
14	1962	103	2.0433111074609
14	1963	104	2.2476361407501
14	1969	105	1.9102983125385
14	2058	106	1.8991633295933
14	2059	107	1.9173666058731
14	2060	108	2.2398112864981
14	2062	109	2.1795835314391
14	2119	110	1.8141519811646
14	2208	111	1.9451934791776
14	2209	112	2.2951189219145
14	2210	113	1.793379891981
14	2211	114	2.075750631637
14	2217	115	1.9463997924271
14	2306	116	2.3601387406872
14	2307	117	1.7891148173424
14	2308	118	2.2653993659835
14	2310	119	1.873180806603
14	2337	120	2.2644008400413
14	2426	121	1.6926715920267
14	2427	122	2.2543981433829
14	2428	123	0.973
14	2429	124	0.973
14	2435	125	0.973
14	2524	126	1.6511033653208
14	2525	127	1.5344635604042
14	2526	128	1.7184637655225
14	2528	129	1.4339817440034
14	2555	130	1.6525111976211
14	2644	131	1.6307870993647
14	2645	132	1.5202447039507
14	2646	133	1.6155202975221
14	2647	134	1.6388419103208
14	2653	135	1.380206248074
14	2742	136	1.6934339478834
14	2743	137	1.5594909119201
14	2744	138	0.973
14	2746	139	6.0213082057317
14	2771	140	1.6866161862929
14	2860	141	1.4384234138718
14	2861	142	1.7296141554348
14	2862	143	1.6293691109057
14	2863	144	1.4450623246289
14	2868	145	1.5204607972096
14	2949	146	0.973
14	2950	147	0.973
14	2951	148	3.388794351861
14	2953	149	1.461557268222
14	2976	150	1.6047544120459
14	3057	151	1.4957091501523
14	3058	152	1.7410784230805
14	3059	153	1.4832710818305
14	3060	154	1.717445611669
14	3065	155	0.973
14	3146	156	4.4050895227884
14	3147	157	1.5645692455595
14	3148	158	1.5387345775228
14	3150	159	1.5130656125653
14	3173	160	1.6591865019295
14	3254	161	1.7064055961963
14	3255	162	1.5611828564876
14	3256	163	1.4067613265361
14	3257	164	1.680980715942
14	3262	165	1.5049700204412
14	3343	166	1.6577631930155
14	3344	167	1.6953506346111
14	3345	168	1.3209965715639
14	3347	169	1.7730581863022
14	3370	170	1.4138276969216
14	3451	171	1.6727851756426
14	3452	172	1.6666269613243
14	3453	173	1.4823948596053
14	3454	174	1.5012565955798
14	3459	175	1.6646333302943
14	3543	176	1.6907533908438
14	3544	177	1.4005816743164
14	3545	178	1.6488304902391
14	3547	179	1.4470184195328
14	3570	180	1.7724877757149
14	3655	181	1.6330700982124
14	3656	182	1.8419063511419
14	3657	183	6.5172793211513
14	3658	184	8.0463962101003
14	3663	185	6.7629488723083
14	3747	186	1.6298768751686
14	3748	187	2.4016985998399
14	3749	188	1.9567407714892
14	3751	189	2.1514230419773
14	3774	190	1.9002864647688
14	3859	191	2.1303110031159
14	3860	192	1.8214003977956
14	3861	193	2.2388866311878
14	3862	194	1.8021546389125
14	3867	195	2.1442462723112
14	3952	196	2.0941071992847
14	3953	197	1.7210174964245
14	3954	198	2.425199557162
14	3956	199	0.973
14	3961	200	0.973
14	4034	201	1.5200295612563
14	4035	202	1.7401873450008
14	4036	203	1.5479148349185
14	4037	204	1.4239043955975
14	4042	205	1.700755336923
14	4115	206	1.647158723389
13	21	19	1.8601921348413
13	22	20	1.8492584048561
13	23	21	1.8685810117889
13	24	22	1.9500104025309
13	25	23	1.9439994007791
13	26	24	0.39587441756721
13	27	25	-2.3100787038413
13	28	26	-4.4702336495608
13	29	27	0.93033079583663
13	30	28	2.0859464661125
13	31	29	1.9107536425488
13	36	30	1.8447169569337
13	125	31	0.005430368145463
13	126	32	0.012597496970557
13	127	33	-0.02672071340494
13	128	34	0.034234242504462
13	134	35	-0.055678813764825
13	223	36	0.025413776768838
13	224	37	-0.076739385528491
13	225	38	0.10691803349182
13	227	39	-0.076835218262858
13	232	40	0.080314280418678
13	429	41	-0.042193664435763
13	430	42	-0.039896460801828
13	431	43	0.05549788580276
13	432	44	0.0098128517344591
13	438	45	0.013307869022247
13	531	46	-0.066432218938136
13	532	47	0.022215915925337
13	533	48	0.037035022270866
13	535	49	-0.03279690343421
13	540	50	0.049640231099911
13	632	51	-0.0073945453832849
13	633	52	-0.11731713021407
13	634	53	0.047626757880206
13	635	54	0.030675693082157
13	641	55	0.029846531907097
13	730	56	-0.099133760516997
13	731	57	0.085551012498327
13	732	58	-0.018861359243747
13	734	59	0.018266004107426
13	886	60	-0.03177094933344
13	975	61	0.040431128176861
13	976	62	-0.034956309741828
13	977	63	-0.0065827742544933
13	978	64	-0.0093037076247864
13	984	65	0.049303278250154
13	1073	66	-0.0061402802146038
13	1074	67	-0.020418062892277
13	1075	68	0.0040686937374996
13	1077	69	-0.039683472688775
13	1111	70	0.0073044893541372
13	1200	71	-0.0057923810393543
13	1201	72	0.053978328416123
13	1202	73	-0.024780096341855
13	1203	74	-0.047372608729638
13	1209	75	0.10553906780202
13	1298	76	-0.11814264064655
13	1299	77	0.075571134130005
13	1300	78	-0.043928746846504
13	1302	79	-0.037572664988692
13	1367	80	0.069080996038391
13	1456	81	0.045033894765657
13	1457	82	-0.069493287533987
13	1458	83	0.063296968387439
13	1459	84	-0.062552645313552
13	1465	85	0.065650596113409
13	1554	86	-0.0019491900457069
13	1555	87	-0.10385708189117
13	1556	88	-4.4858471522712
13	1558	89	-2.37
13	1623	90	2.1242158252629
13	1712	91	1.8760385505971
13	1713	92	1.8221290922258
13	1714	93	1.1319032596448
13	1715	94	-0.091712834860665
13	1721	95	-0.011555642734747
13	1810	96	0.0041813229024417
13	1811	97	0.026795209420378
13	1812	98	-0.0024875293509101
13	1814	99	0.096436713368167
13	1871	100	-0.0093892056285405
13	1960	101	-0.0094414303707886
13	1961	102	-0.065306012432558
13	1962	103	0.0037895062449387
13	1963	104	0.062514309550171
13	1969	105	-0.036582470361608
13	2058	106	-0.038825577269309
13	2059	107	-0.032484162973706
13	2060	108	0.061794543163851
13	2062	109	0.042440638954286
13	2119	110	-0.064381002541632
13	2208	111	-0.024598500879947
13	2209	112	0.077161222063005
13	2210	113	-0.070130738322623
13	2211	114	0.013752701657358
13	2217	115	-0.024141917910892
13	2306	116	0.095904965007213
13	2307	117	-0.071751638397108
13	2308	118	0.067923985261004
13	2310	119	-0.047233532671816
13	2337	120	0.066934011196718
13	2426	121	-0.10022883676458
13	2427	122	0.06519551858306
13	2428	123	-0.29099197342672
13	2429	124	-4.4401928247473
13	2435	125	-0.74476285479895
13	2524	126	0.035456539324949
13	2525	127	-0.020696750811766
13	2526	128	0.066375348060392
13	2528	129	-0.069657613961027
13	2555	130	0.035702486457303
13	2644	131	0.024262776456307
13	2645	132	-0.028482811534777
13	2646	133	0.017256240532735
13	2647	134	0.02757200822467
13	2653	135	-0.095491309363862
13	2742	136	0.055572809474542
13	2743	137	-0.0092510596755879
13	2744	138	-2.2209495686386
13	2746	139	2.1754949515635
13	2771	140	0.052350872599053
13	2860	141	-0.066658823769538
13	2861	142	0.072996604423968
13	2862	143	0.023436883860269
13	2863	144	-0.064236364469398
13	2868	145	-0.026616824998055
13	2949	146	-0.47832036507183
13	2950	147	-0.34326126739849
13	2951	148	0.88045844982246
13	2953	149	-0.055558452159167
13	2976	150	0.01406336848857
13	3057	151	-0.038142079403624
13	3058	152	0.078959508836268
13	3059	153	-0.045198096882086
13	3060	154	0.066583374342882
13	3065	155	-1.4124525423206
13	3146	156	1.3775898195498
13	3147	157	-0.0062677227729004
13	3148	158	-0.018295435453766
13	3150	159	-0.029947259731124
13	3173	160	0.040175798665732
13	3254	161	0.060759332054294
13	3255	162	-0.0093183541507464
13	3256	163	-0.082298956981395
13	3257	164	0.050059758126736
13	3262	165	-0.034642554759047
13	3343	166	0.038603510304821
13	3344	167	0.054723130934871
13	3345	168	-0.12402538805269
13	3347	169	0.093645230019465
13	3370	170	-0.078826319871006
13	3451	171	0.04623469269136
13	3452	172	0.041642097779549
13	3453	173	-0.046395535152406
13	3454	174	-0.036151559394783
13	3459	175	0.04221289068926
13	3543	176	0.052846616709139
13	3544	177	-0.085658198602031
13	3545	178	0.034453259424772
13	3547	179	-0.062227497098503
13	3570	180	0.093304982651025
13	3655	181	0.024752575661987
13	3656	182	0.1201174410386
13	3657	183	1.8788396088895
13	3658	184	2.0236665379349
13	3663	185	1.4003872773835
13	3747	186	-0.11858873706078
13	3748	187	0.10801579904975
13	3749	188	-0.023310517782811
13	3751	189	0.033440098057035
13	3774	190	-0.039907443327829
13	3859	191	0.027580614835024
13	3860	192	-0.06245620933827
13	3861	193	0.059883507152554
13	3862	194	-0.067985359258019
13	3867	195	0.03294533405453
13	3952	196	0.01747593330685
13	3953	197	-0.091210143128409
13	3954	198	0.11493363419315
13	3956	199	-2.7840143073785
13	3961	200	-2.7117245182581
13	4034	201	-0.026691424802411
13	4035	202	0.077882782765665
13	4036	203	-0.015016526817345
13	4037	204	-0.073538063056766
13	4042	205	0.059886928948108
13	4115	206	0.03256158856675
12	20	18	4.1008792609036
12	21	19	5.961071395745
12	22	20	7.8103298006011
12	23	21	9.67891081239
12	24	22	11.628921214921
12	25	23	13.5729206157
12	26	24	13.968795033267
12	27	25	11.658716329426
12	28	26	7.1884826798651
12	29	27	8.1188134757017
12	30	28	10.204759941814
12	31	29	12.115513584363
12	36	30	13.960230541297
12	125	31	13.965660909442
12	126	32	13.978258406413
12	127	33	13.951537693008
12	128	34	13.985771935512
12	134	35	13.930093121747
12	223	36	13.955506898516
12	224	37	13.878767512988
12	225	38	13.98568554648
12	227	39	13.908850328217
12	232	40	13.989164608635
12	429	41	13.9469709442
12	430	42	13.907074483398
12	431	43	13.962572369201
12	432	44	13.972385220935
12	438	45	13.985693089957
12	531	46	13.919260871019
12	532	47	13.941476786945
12	533	48	13.978511809215
12	535	49	13.945714905781
12	540	50	13.995355136881
12	632	51	13.987960591498
12	633	52	13.870643461284
12	634	53	13.918270219164
12	635	54	13.948945912246
12	641	55	13.978792444153
12	730	56	13.879658683636
12	731	57	13.965209696135
12	732	58	13.946348336891
12	734	59	13.964614340998
12	886	60	13.932843391665
12	975	61	13.973274519842
12	976	62	13.9383182101
12	977	63	13.931735435845
12	978	64	13.922431728221
12	984	65	13.971735006471
12	1073	66	13.965594726256
12	1074	67	13.945176663364
12	1075	68	13.949245357101
12	1077	69	13.909561884413
12	1111	70	13.916866373767
12	1200	71	13.911073992727
12	1201	72	13.965052321143
12	1202	73	13.940272224802
12	1203	74	13.892899616072
12	1209	75	13.998438683874
12	1298	76	13.880296043227
12	1299	77	13.955867177357
12	1300	78	13.911938430511
12	1302	79	13.874365765522
12	1367	80	13.943446761561
12	1456	81	13.988480656326
12	1457	82	13.918987368792
12	1458	83	13.98228433718
12	1459	84	13.919731691866
12	1465	85	13.98538228798
12	1554	86	13.983433097934
12	1555	87	13.879576016043
12	1556	88	9.3937288637715
12	1558	89	7.0237288637715
12	1623	90	9.1479446890344
12	1712	91	11.023983239632
12	1713	92	12.846112331857
12	1714	93	13.978015591502
12	1715	94	13.886302756642
12	1721	95	13.874747113907
12	1810	96	13.878928436809
12	1811	97	13.90572364623
12	1812	98	13.903236116879
12	1814	99	13.999672830247
12	1871	100	13.990283624618
12	1960	101	13.980842194248
12	1961	102	13.915536181815
12	1962	103	13.91932568806
12	1963	104	13.98183999761
12	1969	105	13.945257527248
12	2058	106	13.906431949979
12	2059	107	13.873947787005
12	2060	108	13.935742330169
12	2062	109	13.978182969124
12	2119	110	13.913801966582
12	2208	111	13.889203465702
12	2209	112	13.966364687765
12	2210	113	13.896233949442
12	2211	114	13.9099866511
12	2217	115	13.885844733189
12	2306	116	13.981749698196
12	2307	117	13.909998059799
12	2308	118	13.97792204506
12	2310	119	13.930688512388
12	2337	120	13.997622523585
12	2426	121	13.89739368682
12	2427	122	13.962589205403
12	2428	123	13.671597231977
12	2429	124	9.2314044072294
12	2435	125	8.4866415524304
12	2524	126	8.5220980917554
12	2525	127	8.5014013409436
12	2526	128	8.567776689004
12	2528	129	8.498119075043
12	2555	130	8.5338215615003
12	2644	131	8.5580843379566
12	2645	132	8.5296015264218
12	2646	133	8.5468577669545
12	2647	134	8.5744297751792
12	2653	135	8.4789384658153
12	2742	136	8.5345112752899
12	2743	137	8.5252602156143
12	2744	138	6.3043106469757
12	2746	139	8.4798055985391
12	2771	140	8.5321564711382
12	2860	141	8.4654976473687
12	2861	142	8.5384942517926
12	2862	143	8.5619311356529
12	2863	144	8.4976947711835
12	2868	145	8.4710779461854
12	2949	146	7.9927575811136
12	2950	147	7.6494963137151
12	2951	148	8.5299547635376
12	2953	149	8.4743963113784
12	2976	150	8.488459679867
12	3057	151	8.4503176004634
12	3058	152	8.5292771092996
12	3059	153	8.4840790124175
12	3060	154	8.5506623867604
12	3065	155	7.1382098444399
12	3146	156	8.5157996639896
12	3147	157	8.5095319412167
12	3148	158	8.491236505763
12	3150	159	8.4612892460319
12	3173	160	8.5014650446976
12	3254	161	8.5622243767519
12	3255	162	8.5529060226011
12	3256	163	8.4706070656197
12	3257	164	8.5206668237465
12	3262	165	8.4860242689874
12	3343	166	8.5246277792923
12	3344	167	8.5793509102271
12	3345	168	8.4553255221744
12	3347	169	8.5489707521939
12	3370	170	8.4701444323229
12	3451	171	8.5163791250143
12	3452	172	8.5580212227938
12	3453	173	8.5116256876414
12	3454	174	8.4754741282466
12	3459	175	8.5176870189359
12	3543	176	8.570533635645
12	3544	177	8.484875437043
12	3545	178	8.5193286964678
12	3547	179	8.4571011993693
12	3570	180	8.5504061820203
12	3655	181	8.5751587576823
12	3656	182	8.6952761987209
12	3657	183	10.57411580761
12	3658	184	12.597782345545
12	3663	185	13.998169622929
12	3747	186	13.879580885868
12	3748	187	13.987596684918
12	3749	188	13.964286167135
12	3751	189	13.997726265192
12	3774	190	13.957818821864
12	3859	191	13.985399436699
12	3860	192	13.922943227361
12	3861	193	13.982826734514
12	3862	194	13.914841375255
12	3867	195	13.94778670931
12	3952	196	13.965262642617
12	3953	197	13.874052499488
12	3954	198	13.988986133682
12	3956	199	11.204971826303
12	3961	200	8.493247308045
12	4034	201	8.4665558832426
12	4035	202	8.5444386660083
12	4036	203	8.5294221391909
12	4037	204	8.4558840761341
12	4042	205	8.5157710050823
12	4115	206	8.548332593649
11	19	17	1122.3757942747
11	20	18	1125.4405678576
11	21	19	1130.2317088339
11	22	20	1136.8406346953
11	23	21	1145.2365514142
11	24	22	1155.389650628
11	25	23	1167.4006974921
11	26	24	1180.5709306691
11	27	25	1193.0859865677
11	28	26	1201.7896848908
11	29	27	1208.6503893258
11	30	28	1217.7031429056
11	31	29	1225.1645302586
11	36	30	1230.9506897591
11	125	31	1236.9718325138
11	126	32	1242.9842474759
11	127	33	1249.0057563158
11	128	34	1254.4614700861
11	134	35	1259.3175372873
11	223	36	1267.1565154446
11	224	37	1271.8195041744
11	225	38	1276.4769193055
11	227	39	1281.1369049642
11	232	40	1285.5906089833
11	429	41	1289.6361446921
11	430	42	1293.6767568374
11	431	43	1297.5320711052
11	432	44	1301.2373511381
11	438	45	1304.9474901697
11	531	46	1308.5140172793
11	532	47	1311.6175025916
11	533	48	1314.7241482213
11	535	49	1317.8264833996
11	540	50	1320.9362616325
11	632	51	1323.3117558639
11	633	52	1325.612698785
11	634	53	1327.9144924013
11	635	54	1329.9760607118
11	641	55	1331.250041482
11	730	56	1332.5208547115
11	731	57	1333.8744388148
11	732	58	1335.1969886487
11	734	59	1336.3117876146
11	886	60	1337.1314809648
11	975	61	1337.9526343532
11	976	62	1338.8627092307
11	977	63	1339.9167228034
11	978	64	1340.970139402
11	984	65	1342.0234315218
11	1073	66	1343.2183099072
11	1074	67	1344.4448715467
11	1075	68	1342.4062313065
11	1077	69	1343.6310136309
11	1111	70	1344.8564028619
11	1200	71	1346.08133181
11	1201	72	1347.3049161872
11	1202	73	1348.5298061892
11	1203	74	1349.7529862951
11	1209	75	1350.9784225784
11	1298	76	1352.2001746735
11	1299	77	1353.5978523316
11	1300	78	1355.2307984373
11	1302	79	1356.8638844239
11	1367	80	1358.4978511902
11	1456	81	1360.1329130707
11	1457	82	1361.7666227594
11	1458	83	1363.3978019021
11	1459	84	1365.0294469241
11	1465	85	1366.663730653
11	1554	86	1368.2968171546
11	1555	87	1370.0842562495
11	1556	88	1371.5858855695
11	1558	89	1372.5521194488
11	1623	90	1372.7806764049
11	1712	91	1368.3224480674
11	1713	92	1357.3342344938
11	1714	93	1343.7877615187
11	1715	94	1329.98763067
11	1721	95	1316.7396507375
11	1810	96	1302.980465007
11	1811	97	1289.2009142144
11	1812	98	1275.4424954997
11	1814	99	1261.6866013231
11	1871	100	1248.0169620318
11	1960	101	1234.3333630823
11	1961	102	1220.6425033817
11	1962	103	1206.9487103214
11	1963	104	1193.2663999274
11	1969	105	1179.4452244136
11	2058	106	1170.0742118461
11	2059	107	1170.814928662
11	2060	108	1170.9763028771
11	2062	109	1171.0522545027
11	2119	110	1171.1281038746
11	2208	111	1171.2039459571
11	2209	112	1171.401357268
11	2210	113	1171.5140594626
11	2211	114	1171.5274035661
11	2217	115	1171.4606602201
11	2306	116	1171.3849093784
11	2307	117	1170.9370161472
11	2308	118	1170.4887371985
11	2310	119	1170.0404227022
11	2337	120	1169.5917220842
11	2426	121	1168.8347342089
11	2427	122	1167.8759442661
11	2428	123	1166.8180595348
11	2429	124	1168.3031877102
11	2435	125	1176.7271283567
11	2524	126	1185.1675811065
11	2525	127	1193.5532958424
11	2526	128	1201.9030043548
11	2528	129	1210.2640934922
11	2555	130	1218.6081967829
11	2644	131	1226.9486087542
11	2645	132	1235.2465337319
11	2646	133	1243.1132275565
11	2647	134	1250.9960882682
11	2653	135	1258.8879428664
11	2742	136	1266.786887696
11	2743	137	1274.6579277208
11	2744	138	1281.9218279514
11	2746	139	1289.0287484033
11	2771	140	1296.9713314893
11	2860	141	1304.8833531495
11	2861	142	1312.5356179597
11	2862	143	1319.8930146433
11	2863	144	1327.2463523857
11	2868	145	1334.5941338921
11	2949	146	1341.7789285947
11	2950	147	1347.642114942
11	2951	148	1354.6658058353
11	2953	149	1361.7880062666
11	2976	150	1368.8990231641
11	3057	151	1376.0118564162
11	3058	152	1383.131826614
11	3059	153	1390.2363415398
11	3060	154	1397.355958946
11	3065	155	1403.2244092375
11	3146	156	1409.9905569218
11	3147	157	1417.0490749236
11	3148	158	1424.13491516
11	3150	159	1431.1985988403
11	3173	160	1438.2642523898
11	3254	161	1445.323703018
11	3255	162	1452.4010938862
11	3256	163	1459.4660574552
11	3257	164	1466.5420578467
11	3262	165	1473.0588847129
11	3343	166	1479.4556459645
11	3344	167	1485.8627383048
11	3345	168	1492.251857385
11	3347	169	1498.6560240835
11	3370	170	1505.0384455882
11	3451	171	1511.4444912374
11	3452	172	1517.854399493
11	3453	173	1524.2450286532
11	3454	174	1530.6349897087
11	3459	175	1537.0432770904
11	3543	176	1543.4404641278
11	3544	177	1549.8296613982
11	3545	178	1556.2354184808
11	3547	179	1562.6257830868
11	3570	180	1569.0330853453
11	3655	181	1575.4367479077
11	3656	182	1581.851298565
11	3657	183	1588.781468126
11	3658	184	1596.6571599655
11	3663	185	1605.8440365065
11	3747	186	1615.2468189998
11	3748	187	1624.6590578295
11	3749	188	1634.0470082955
11	3751	189	1632.8038576329
11	3774	190	1623.7564748954
11	3859	191	1614.9480385846
11	3860	192	1606.1752905389
11	3861	193	1597.396616553
11	3862	194	1588.6025124425
11	3867	195	1579.7923975708
11	3952	196	1570.6726991981
11	3953	197	1561.2802499169
11	3954	198	1551.8807337452
11	3956	199	1542.8192694588
11	3961	200	1535.3820022978
11	4034	201	1529.3512645299
11	4035	202	1523.3231103402
11	4036	203	1517.6423528697
11	4037	204	1512.9788558744
11	4042	205	1508.3066099323
11	4115	206	1503.6297563808
10	19	17	495.93956480687
10	20	18	494.884120401
10	21	19	493.23415089899
10	22	20	490.95817401435
10	23	21	488.06679457135
10	24	22	484.57027795096
10	25	23	480.43392272573
10	26	24	475.89836779551
10	27	25	471.58844232035
10	28	26	468.59106928145
10	29	27	466.33067456493
10	30	28	465.03705286572
10	31	29	472.70667403808
10	36	30	484.60102999804
10	125	31	497.16131841985
10	126	32	509.70340039837
10	127	33	522.2644524849
10	128	34	535.06337204704
10	134	35	548.12189224362
10	223	36	559.88994923909
10	224	37	573.04532283242
10	225	38	586.18497201183
10	227	39	599.33187324333
10	232	40	612.55398516613
10	429	41	625.90713239007
10	430	42	639.24402834836
10	431	43	652.64817863842
10	432	44	666.09219469363
10	438	45	679.5538408485
10	531	46	693.02454137604
10	532	47	706.62197590515
10	533	48	720.2332568689
10	535	49	733.82565226394
10	540	50	747.45065823849
10	632	51	761.19849988329
10	633	52	774.93624291685
10	634	53	788.67906501715
10	635	54	802.4556407847
10	641	55	816.37894766615
10	730	56	830.26763657772
10	731	57	844.14775164844
10	732	58	858.02898911003
10	734	59	871.94384474249
10	886	60	885.85813936952
10	975	61	899.79721814464
10	976	62	913.68819857086
10	977	63	927.60229308368
10	978	64	941.50850691379
10	984	65	955.41307749483
10	1073	66	969.34226559498
10	1074	67	983.24505981128
10	1075	68	997.66566040239
10	1077	69	1011.5435959368
10	1111	70	1025.4284083091
10	1200	71	1039.3080052292
10	1201	72	1053.172366902
10	1202	73	1067.0515225312
10	1203	74	1080.9113034329
10	1209	75	1094.7966489452
10	1298	76	1108.640249131
10	1299	77	1122.3978482228
10	1300	78	1136.2354953679
10	1302	79	1150.074327875
10	1367	80	1163.9206241322
10	1456	81	1177.7762004377
10	1457	82	1191.620318217
10	1458	83	1205.4429920451
10	1459	84	1219.2696137644
10	1465	85	1233.1185959792
10	1554	86	1246.957432845
10	1555	87	1260.7821153342
10	1556	88	1272.112591109
10	1558	89	1279.4032649305
10	1623	90	1287.6079052546
10	1712	91	1296.2539419623
10	1713	92	1300.5727327332
10	1714	93	1302.4299761718
10	1715	94	1304.3798169721
10	1721	95	1309.7625807159
10	1810	96	1311.8856166282
10	1811	97	1314.0117948598
10	1812	98	1316.1347124219
10	1814	99	1318.4537268693
10	1871	100	1320.9709149972
10	1960	101	1323.3682257932
10	1961	102	1325.6613093027
10	1962	103	1327.9300195172
10	1963	104	1330.1968273484
10	1969	105	1331.5877227181
10	2058	106	1337.7737147799
10	2059	107	1351.6845393751
10	2060	108	1365.6490096258
10	2062	109	1379.6003738921
10	2119	110	1393.5329554004
10	2208	111	1407.4641979539
10	2209	112	1421.3912511711
10	2210	113	1435.3155264138
10	2211	114	1449.2419641763
10	2217	115	1463.1758218267
10	2306	116	1477.1181009454
10	2307	117	1491.0284516491
10	2308	118	1504.9507817266
10	2310	119	1518.8742157721
10	2337	120	1532.8096417539
10	2426	121	1546.7141908654
10	2427	122	1560.6309043164
10	2428	123	1574.51055543
10	2429	124	1584.761638022
10	2435	125	1586.0697122385
10	2524	126	1587.2613055679
10	2525	127	1588.7823473664
10	2526	128	1590.4547606157
10	2528	129	1592.1294533585
10	2555	130	1593.8007439041
10	2644	131	1595.4712950932
10	2645	132	1597.3272183094
10	2646	133	1600.5649179616
10	2647	134	1603.8092714286
10	2653	135	1607.0573265144
10	2742	136	1610.3082997312
10	2743	137	1613.5477881513
10	2744	138	1616.5373957009
10	2746	139	1619.4147507711
10	2771	140	1622.5407285497
10	2860	141	1625.7357923619
10	2861	142	1629.5353418274
10	2862	143	1633.79366089
10	2863	144	1638.0496307154
10	2868	145	1642.3023846993
10	2949	146	1646.7583648678
10	2950	147	1650.579610846
10	2951	148	1655.1654964677
10	2953	149	1659.8373604192
10	2976	150	1664.5018884422
10	3057	151	1669.1676079175
10	3058	152	1673.8380089293
10	3059	153	1678.4982719327
10	3060	154	1683.1684415276
10	3065	155	1687.0178981151
10	3146	156	1691.4952020675
10	3147	157	1696.2443839322
10	3148	158	1701.0044102642
10	3150	159	1705.7495525754
10	3173	160	1710.4960181777
10	3254	161	1715.2383168689
10	3255	162	1719.9930670381
10	3256	163	1724.7402757602
10	3257	164	1729.494900529
10	3262	165	1734.9580352633
10	3343	166	1740.5676119266
10	3344	167	1746.1862483358
10	3345	168	1751.7891232721
10	3347	169	1757.406605634
10	3370	170	1763.0059619135
10	3451	171	1768.62604387
10	3452	172	1774.2495145259
10	3453	173	1779.8560714563
10	3454	174	1785.4620422525
10	3459	175	1791.086099658
10	3543	176	1796.700572046
10	3544	177	1802.3080322387
10	3545	178	1807.9300261011
10	3547	179	1813.5385044907
10	3570	180	1819.1618316997
10	3655	181	1824.7819645524
10	3656	182	1830.4061333959
10	3657	183	1837.2194409568
10	3658	184	1845.8169738657
10	3663	185	1855.8445682597
10	3747	186	1866.1078267903
10	3748	187	1876.3814070326
10	3749	188	1886.6879002168
10	3751	189	1898.7208730569
10	3774	190	1909.3190130426
10	3859	191	1920.1158622152
10	3860	192	1930.9336703919
10	3861	193	1941.7575171161
10	3862	194	1952.6003887311
10	3867	195	1963.3926251926
10	3952	196	1973.8994846233
10	3953	197	1984.2109123872
10	3954	198	1994.5300984816
10	3956	199	2002.0685824482
10	3961	200	1997.0591415893
10	4034	201	1991.0658812178
10	4035	202	1985.0751883703
10	4036	203	1978.8013808987
10	4037	204	1971.6995326087
10	4042	205	1964.5843609078
10	4115	206	1957.462172465

